99999  100 100 100   10 8 12 10 12 10 10 12   100
13828   88  78  72   10 6 10  8  6  4  7  9    84
19583   96  96  93   10 8 12  6  6  8  9 10    88
17495   51  49  32    8 8  8  4  2  0  0  5    61
21783   75  70  79    8 6  4 10  8  9  7  6    72
24569   90  80  60   10 6  6  9  7  7  8 11    86
19346   85  82  80    8 8  8  8  8  8  8  9    77
13719   82  72  63    7 6  4 10  9  8 10  6    80
38273   56  66  76    5 6  7  8  9 10  7 11    84
19374   61  68  65    5 5  4  8  7  8  9 10    70
28001   77  79  83    8 8  7  6  5  8  9  9    80
0
