42
3468
1335
1501
4170
725
1479
4359
1963
4465
706
3146
3282
1828
4962
492
2996
1943
4828
437
2392
4605
3903
154
293
2383
2422
3717
4719
4896
448
1727
4772
1539
1870
4913
668
1300
2036
4895
3704
3812
1323
334
2674
4665
142
2712
3254
1869
548
2645
2663
2758
38
2860
3724
4742
2530
779
2317
3036
2191
1843
289
107
4041
3943
4265
2649
2447
3806
891
1730
4371
351
7
1102
4394
3549
4630
2624
4085
4955
3757
1841
4967
2377
3932
1309
1945
2440
4627
1324
538
1119
2083
2930
1542
4834
1116
4640
4659
2705
4931
3978
2307
1674
2387
22
3746
1925
4073
1271
830
1778
574
98
1513
3987
3291
4162
3637
2356
4768
3656
575
4032
2053
2351
1151
1942
1725
3967
3431
1108
192
3008
1338
458
2288
2754
384
4946
3910
2210
4759
4222
3589
1423
4947
2507
3031
1414
4169
901
2592
3763
1656
2411
1360
2625
1549
1484
2596
4042
3603
4351
292
837
4375
1021
4597
4022
2349
3200
4669
4485
4735
54
2000
1419
2939
1901
3789
3128
468
3729
4894
4649
2484
2808
4311
1618
2814
4515
4310
2617
3936
2452
601
250
1520
1557
2799
304
1225
1009
845
2610
4990
2703
3196
486
3094
4344
524
1588
4315
4504
2449
201
3459
1619
581
4797
4799
282
4590
799
3010
2158
473
3623
3539
2293
1039
4180
3191
4658
2959
1192
4816
2889
4157
1512
1203
2635
4273
56
329
2647
1363
4887
3876
3434
4870
143
3845
1417
1882
1999
323
3652
700
3558
3477
2893
4390
76
713
2601
2511
1004
2862
4689
3402
4790
256
1424
3
586
4183
286
2089
1427
3618
3758
4833
933
2155
722
2190
4977
1330
2369
3693
1426
556
3435
1550
2442
4513
146
3061
1719
3754
1140
2424
1280
997
1688
2550
2438
4867
2950
194
3298
417
3287
1106
4489
1283
2456
735
3115
1702
1317
672
787
2264
4314
4356
1186
913
809
1833
946
2757
3322
4559
3647
2983
482
4145
3197
223
2130
2162
536
451
1174
467
2045
1660
1293
1440
2254
25
1155
4511
4746
650
3187
3314
4475
3023
2169
4019
3788
4906
203
3626
1478
4415
825
4335
875
4373
160
1834
3071
2488
2519
3178
2774
2271
1764
2669
2193
3986
3103
3481
4214
2628
4803
4100
528
2626
1544
1024
4973
3062
4182
2433
2506
2594
2726
3032
3493
2223
1287
3065
2901
4188
3361
2414
975
4271
4171
236
834
4712
761
3897
4668
2286
2551
141
3695
2696
1625
3020
2126
1577
1695
2659
1303
2372
2467
4679
3852
485
1019
3465
1120
3153
2801
3088
1061
1927
4011
4758
2171
316
4577
228
2044
2759
2165
110
2883
2087
4566
3488
4578
628
630
1929
424
3521
1903
4963
124
3738
3262
196
2526
1265
3261
3117
31
327
4012
772
1412
1154
1521
4791
4925
189
4941
852
3663
3830
2714
3959
2579
3366
1201
1059
2304
2761
4358
2325
109
1114
4888
4802
2851
4461
2429
2994
2385
4406
1541
1112
3705
2836
2357
1073
3824
4486
557
3217
1627
3527
3358
4338
3272
3870
4362
2897
4618
113
2718
3697
1586
4424
4130
4230
1560
3933
2297
4856
2054
3585
1655
1973
1458
4370
2533
2964
2608
912
1636
68
2849
4676
2224
2143
3755
2742
176
1460
2826
3222
2871
1935
206
1784
3851
2399
2280
2702
2194
2735
1638
1535
1994
177
549
882
301
4414
1642
3143
1463
2612
878
425
2679
1753
3444
3297
41
876
73
2819
611
1018
4933
3113
696
3170
3832
1489
3686
4091
4498
2590
991
4354
1741
1259
336
3760
1193
2606
265
2182
3504
3776
609
4293
998
4557
562
1628
1468
4542
1130
1241
4175
602
1078
216
3684
3214
3993
3393
760
2671
1429
3028
3787
499
4971
1288
3848
2605
504
1222
2664
707
2364
2172
2490
3241
543
2620
914
1705
1819
4233
751
4976
1540
1099
1248
3649
2972
2865
2914
1076
1546
3713
2547
3679
1770
263
3520
3290
945
2866
3541
3246
509
3319
4602
3324
1133
4473
2153
88
3571
4764
4902
2104
3528
1601
1970
4016
566
29
348
2944
2638
2410
1464
50
4682
1589
1343
2061
1759
889
4147
691
2844
1431
621
749
2068
4537
784
2227
186
2039
4854
4924
3360
2258
4767
4945
4956
2727
412
1026
356
1002
4497
4516
2965
3343
3076
1143
1197
1949
427
4607
4430
2405
1706
627
4813
4376
94
1566
1037
4737
4142
815
995
3257
1653
3937
839
483
1356
1016
1132
3231
2842
4626
2012
4187
4691
1651
663
1635
894
354
3453
4009
2263
2234
455
1304
4257
149
1125
2318
2110
4029
4201
1081
1319
1859
4051
4156
1362
1904
3677
4644
1910
4903
3562
3490
4949
3654
675
2221
403
1924
3879
260
3972
4
1946
4782
1505
2393
2686
314
1699
590
2723
939
4038
1411
1462
1235
2509
3960
1494
1516
270
4938
59
4701
118
1216
4556
2816
3331
3040
213
4289
3083
1955
1086
711
4775
3381
952
3116
1680
2111
899
3074
789
3133
4957
3690
9
2942
791
1724
1364
185
4779
2201
72
1886
1975
1072
1334
2868
4296
826
4677
3651
2599
3310
4694
4687
81
117
2250
1668
1529
4422
3406
3827
1817
2517
3667
4088
2682
4965
1341
687
1022
1663
4722
1065
416
2903
4874
2125
3942
2746
1763
3424
2532
4807
2269
4319
603
1908
4308
3482
1013
1137
1631
4115
1810
3557
2291
1294
4997
4153
1055
346
4709
249
2492
132
115
4723
4705
1996
1053
2480
3239
2919
867
2660
2499
3487
2463
1634
2159
2023
1147
3038
3926
648
4459
1603
808
4099
2831
4601
2279
800
3353
449
3883
541
3316
4576
4568
2337
3398
4898
829
4231
4450
1926
659
230
4521
941
4561
148
163
676
793
2362
1755
1399
3147
3715
1947
1189
4570
3639
1522