2
4
11
17
21
24
30
31
37
44
45
51
58
65
66
68
75
76
81
86
89
92
96
103
109
116
122
128
135
137
139
145
147
150
151
156
162
163
168
172
176
181
186
189
195
198
199
204
206
208
213
215
216
221
225
226
228
233
239
241
245
250
251
253
255
262
266
270
271
275
282
288
289
292
296
303
309
310
316
323
325
328
333
338
342
346
350
356
358
361
366
368
369
374
375
382
387
391
396
397
401
402
408
415
419
424
430
434
440
441
444
448
451
456
462
468
471
477
479
486
491
496
502
505
510
512
515
522
529
535
537
540
542
546
548
549
556
557
561
566
568
571
577
580
581
587
590
591
593
597
601
607
611
615
621
628
633
640
643
647
649
653
656
663
666
668
670
673
678
683
685
687
689
692
697
702
709
711
717
723
724
727
732
737
738
740
746
748
753
759
764
769
771
778
785
792
795
798
799
801
803
804
805
806
813
820
827
828
835
836
838
843
850
854
857
863
867
871
878
879
883
889
895
900
901
902
907
911
912
913
914
915
919
921
924
929
934
939
942
943
948
950
955
961
968
972
978
984
989
993
998
1001
1005
1006
1007
1009
1010
1011
1015
1022
1023
1027
1030
1033
1040
1042
1047
1051
1056
1058
1060
1061
1066
1068
1069
1072
1076
1081
1085
1089
1094
1097
1101
1105
1108
1110
1115
1117
1122
1125
1131
1135
1137
1144
1149
1156
1161
1167
1171
1176
1182
1187
1190
1197
1203
1210
1215
1217
1218
1225
1229
1230
1235
1237
1242
1248
1253
1259
1266
1273
1276
1277
1278
1285
1290
1295
1296
1301
1308
1314
1317
1318
1321
1324
1330
1335
1341
1342
1347
1354
1356
1359
1360
1366
1369
1370
1376
1378
1380
1382
1389
1390
1391
1395
1401
1402
1408
1415
1419
1425
1431
1435
1437
1439
1444
1446
1447
1448
1454
1459
1462
1468
1475
1482
1488
1493
1495
1497
1503
1508
1515
1516
1520
1527
1531
1538
1542
1547
1552
1554
1559
1562
1568
1575
1579
1580
1585
1589
1590
1592
1593
1594
1601
1603
1604
1611
1613
1617
1620
1625
1626
1631
1632
1633
1637
1644
1650
1656
1663
1670
1671
1678
1684
1691
1695
1700
1702
1705
1708
1712
1715
1720
1721
1724
1731
1738
1743
1745
1750
1756
1763
1764
1768
1774
1780
1787
1788
1791
1792
1794
1800
1805
1810
1812
1819
1823
1828
1832
1835
1840
1843
1848
1852
1855
1856
1860
1861
1868
1870
1872
1874
1879
1885
1887
1888
1890
1894
1896
1900
1907
1908
1915
1920
1922
1925
1931
1932
1933
1935
1937
1944
1947
1948
1952
1957
1963
1970
1974
1978
1982
1987
1988
1989
1993
1998
2004
2008
2015
2022
2027
2034
2037
2043
2044
2049
2050
2056
2062
2063
2068
2071
2075
2078
2080
2081
2083
2088
2092
2097
2104
2105
2112
2115
2116
2119
2125
2127
2133
2139
2142
2148
2149
2151
2152
2154
2157
2161
2166
2171
2174
2178
2185
2186
2189
2194
2199
2202
2208
2209
2211
2212
2216
2223
2227
2230
2233
2234
2239
2245
2252
2253
2257
2258
2259
2262
2264
2265
2266
2268
2269
2276
2278
2279
2285
2290
2295
2298
2304
2311
2314
2318
2324
2326
2328
2330
2331
2338
2341
2346
2348
2352
2354
2360
2362
2367
2371
2373
2380
2383
2384
2386
2390
2392
2396
2402
2403
2410
2412
2419
2424
2430
2436
2442
2444
2449
2456
2462
2469
2470
2473
2477
2483
2487
2491
2495
2496
2502
2505
2508
2514
2517
2521
2524
2528
2529
2533
2535
2537
2540
2542
2543
2544
2547
2551
2558
2559
2566
2568
2571
2578
2585
2590
2596
2598
2602
2603
2605
2608
2615
2618
2625
2629
2631
2633
2640
2641
2645
2646
2651
2657
2658
2661
2666
2668
2675
2677
2683
2690
2693
2699
2700
2702
2709
2713
2716
2720
2722
2724
2730
2733
2737
2741
2748
2752
2755
2761
2762
2764
2766
2772
2778
2785
2790
2795
2797
2802
2804
2807
2808
2814
2820
2827
2831
2836
2840
2846
2850
2857
2859
2865
2871
2878
2881
2887
2888
2894
2899
2905
2909
2910
2913
2915
2922
2928
2933
2936
2942
2945
2946
2953
2956
2962
2965
2970
2976
2977
2981
2985
2990
2992
2999
3000
3007
3014
3018
3025
3030
3033
3037
3044
3046
3052
3054
3055
3056
3061
3062
3065
3069
3072
3075
3079
3082
3088
3095
3098
3105
3106
3111
3113
3115
3116
3123
3128
3133
3139
3143
3144
3151
3157
3158
3159
3163
3169
3172
3176
3181
3184
3188
3194
3196
3203
3205
3206
3209
3213
3215
3217
3219
3224
3231
3237
3240
3245
3252
3255
3258
3263
3268
3269
3270
3275
3279
3285
3286
3291
3292
3299
3301
3308
3313
3320
3327
3328
3332
3339
3341
3342
3343
3346
3350
3353
3357
3361
3362
3367
3369
3374
3377
3383
3386
3389
3393
3394
3401
3407
3414
3419
3421
3422
3426
3432
3434
3438
3440
3442
3443
3446
3451
3456
3458
3460
3465
3472
3478
3483
3487
3491
3495
3498
3504
3510
3512
3517
3521
3523
3529
3531
3538
3544
3551
3552
3554
3558
3559
3561
3567
3568
3571
3572
3573
3575
3579
3582
3586
3588
3589
3592
3595
3598
3601
3603
3610
3614
3618
3621
3626
3632
3636
3641
3648
3649
3654
3659
3663
3670
3674
3676
3679
3680
3687
3688
3693
3697
3704
3708
3713
3715
3716
3717
3723
3725
3732
3737
3743
3745
3747
3750
3753
3757
3764
3771
3774
3780
3782
3787
3790
3793
3797
3801
3805
3811
3817
3823
3825
3832
3833
3839
3845
3850
3854
3857
3859
3860
3861
3867
3869
3871
3875
3876
3879
3885
3892
3894
3900
3904
3908
3910
3912
3919