2
10
15
16
26
31
40
49
52
57
63
69
71
79
81
83
89
92
100
107
109
114
117
121
124
127
129
136
145
151
159
166
168
177
187
190
198
208
214
219
223
225
228
232
236
241
243
245
249
258
266
271
274
282
290
300
304
306
316
325
332
338
339
342
351
358
359
362
367
376
383
389
390
400
401
402
409
411
415
424
434
438
443
448
455
456
463
470
472
481
486
496
503
507
515
524
533
536
546
548
552
558
568
577
582
583
591
598
602
609
611
617
622
625
626
636
644
648
656
659
666
667
669
676
682
690
696
701
703
706
707
708
710
715
722
723
731
733
741
749
757
765
769
773
779
789
799
808
810
819
822
829
836
837
841
850
851
853
856
862
863
873
878
886
895
899
905
907
910
911
913
920
925
926
933
935
944
954
963
968
970
975
979
989
998
1007
1008
1017
1025
1033
1042
1046
1055
1059
1067
1069
1070
1078
1082
1087
1097
1104
1110
1112
1113
1123
1133
1140
1149
1153
1158
1167
1172
1182
1192
1195
1201
1207
1211
1215
1219
1227
1232
1236
1245
1246
1255
1264
1265
1272
1281
1283
1293
1302
1312
1320
1323
1326
1335
1338
1347
1357
1358
1366
1375
1377
1383
1392
1399
1401
1404
1409
1412
1418
1427
1434
1437
1444
1450
1454
1464
1467
1472
1479
1481
1490
1493
1495
1497
1507
1515
1522
1525
1535
1541
1544
1545
1546
1550
1560
1562
1571
1573
1583
1589
1593
1596
1602
1605
1611
1620
1627
1635
1643
1646
1649
1659
1664
1666
1676
1683
1693
1702
1705
1711
1717
1722
1732
1734
1737
1743
1744
1753
1757
1767
1771
1781
1788
1796
1806
1816
1824
1831
1841
1845
1851
1859
1866
1873
1879
1888
1891
1897
1902
1907
1909
1916
1918
1925
1929
1933
1939
1945
1949
1952
1961
1964
1970
1974
1981
1983
1992
1999
2002
2004
2009
2016
2019
2029
2031
2037
2038
2042
2049
2054
2064
2067
2077
2081
2086
2091
2092
2098
2108
2115
2119
2124
2127
2136
2145
2153
2159
2168
2170
2173
2179
2187
2192
2197
2202
2207
2212
2215
2225
2229
2230
2238
2246
2255
2263
2267
2268
2272
2281
2284
2290
2293
2294
2298
2306
2309
2319
2327
2333
2337
2342
2346
2349
2351
2353
2357
2360
2366
2370
2376
2378
2381
2384
2387
2394
2399
2400
2408
2409
2413
2418
2419
2420
2426
2430
2432
2433
2440
2448
2454
2455
2456
2461
2467
2472
2482
2488
2495
2500
2509
2512
2514
2521
2530
2534
2536
2541
2550
2555
2565
2568
2569
2577
2578
2585
2586
2594
2595
2601
2608
2616
2620
2629
2634
2644
2647
2654
2660
2668
2676
2681
2687
2695
2705
2714
2718
2719
2722
2725
2729
2736
2744
2746
2752
2758
2763
2764
2767
2774
2775
2782
2784
2786
2788
2796
2800
2801
2802
2807
2816
2820
2821
2823
2826
2836
2837
2841
2850
2859
2865
2873
2881
2882
2891
2901
2905
2906
2914
2919
2927
2936
2940
2948
2950
2951
2952
2961
2965
2970
2976
2977
2979
2984
2990
2997
3000
3001
3005
3011
3018
3025
3032
3040
3047
3055
3063
3065
3075
3077
3084
3087
3095
3098
3106
3113
3119
3121
3125
3135
3145
3151
3161
3164
3171
3177
3181
3184
3189
3194
3199
3202
3210
3220
3223
3227
3235
3239
3241
3247
3255
3264
3270
3279
3283
3286
3291
3293
3295
3301
3311
3317
3319
3320
3327
3332
3338
3342
3343
3352
3362
3364
3368
3373
3381
3386
3393
3397
3404
3410
3413
3422
3424
3425
3429
3431
3437
3443
3446
3449
3451
3459
3464
3473
3476
3480
3487
3491
3492
3496
3502
3505
3514
3515
3523
3526
3529
3535
3545
3547
3548
3557
3563
3564
3572
3582
3583
3589
3593
3598
3600
3601
3606
3615
3621
3631
3634
3640
3645
3647
3651
3661
3667
3676
3679
3687
3697
3704
3706
3714
3722
3724
3734
3735
3739
3744
3746
3754
3760
3764
3768
3771
3776
3778
3781
3791
3792
3801
3809
3814
3820
3827
3836
3837
3845
3853
3858
3862
3864
3868
3875
3879
3880
3882
3892
3893
3898
3901
3911
3915
3917
3922
3931
3934
3935
3941
3947
3957
3961
3964
3973
3981
3986
3995
3997
4002
4006
4012
4018
4021
4028
4037
4047
4050
4060
4066
4076
4081
4087
4088
4094
4103
4112
4113
4115
4119
4122
4125
4128
4136
4137
4141
4143
4147
4151
4159
4160
4170
4176
4182
4191
4195
4203
4212
4216
4224
4234
4238
4248
4250
4259
4262
4271
4272
4274
4283
4288
4297
4304
4305
4315
4319
4320
4321
4330
4338
4345
4349
4355
4362
4368
4377
4381
4391
4396
4405
4409
4419
4427
4434
4439
4445
4454
4461
4463
4469
4475
4477
4487
4494
4499
4505
4510
4513
4519
4523
4526
4533
4542
4545
4552
4559
4563
4573
4578
4584
4591
4594
4600
4604
4610
4617
4624
4626
4631
4636
4643
4646
4653
4662
4665
4671
4677
4679
4680
4682
4688
4690
4698
4705
4706
4707
4710
4715
4719
4723
4730
4733
4742
4745
4749
4754
4758
4763
4767
4774
4783
4788
4796
4800
4810
4819
4820
4821
4830
4839
4840
4846
4848
4853
4857
4864
4868
4878
4881
4883
4893
4902
4905
4909
4914
4915
4918
4922
4924
4934
4943
4953
4962
4972
4974
4978
4984
4986
4991
4994
5000
5004
5013
5023
5026
5035
5043
5044
5046
5051
5060
5062
5072
5076
5082
5092
5100
5110
5119
5120
5122
5127
5135
5141
5147
5153
5154
5164
5167
5176
5179
5184
5190
5191
5196
5201
5202
5208
5210
5212
5218
5228
5229
5238
5242
5251
5259
5262
5269
5279
5283
5292
5294
5295
5299
5303
5312
5317
5326
5327
5329
5335
5340
5342
5346
5354
5358
5364
5373
5379
5386
5396
5397
5406
5416
5420
5427
5428
5435
5445
5453
5462
5472
5477
5479
5485
5492
5499
5506
5513
5520
5528
5530
5535
5536
5543
5545
5548
5550
5555
5565
5571
5574
5578
5583
5585
5591
5594
5598
5600
5607
5616
5625
5628
5636
5644
5646
5649
5656
5657
5662
5672
5677
5684
5685
5689
5696
5699
5704
5710
5719
5728
5730
5733
5735
5740
5750
5759
5762
5767
5773
5776
5786
5796
5805
5809
5818
5825
5835
5844
5851
5858
5861
5865
5874
5877
5884
5887
5895
5901
5909
5918
5921
5929
5938
5939
5942
5943
5952
5962
5965
5974
5977
5978
5984
5990
5993
6001
6008
6016
6025
6033
6042
6044
6051
6052
6062
6068
6077
6087
6088
6089
6090
6098
6101
6107
6113
6116
6118
6123
6132
6139
6144
6151
6160
6170
6179
6183
6189
6195
6197
6203
6209
6218
6223
6224
6230
6235
6243
6246
6248
6253
6263
6273
6274
6278
6279
6283
6289
6290
6298
6305
6313
6322
6326
6333
6338
6343
6345
6355
6361
6367
6375
6380
6388
6392
6397
6398
6407
6416
6418
6424
6427
6431
6434
6439
6446
6453
6460
6463
6473
6474
6479
6489
6493
6495
6497
6507
6517
6523
6529
6535
6542
6543
6549
6559
6564
6571
6575
6580
6590
6591
6597
6601
6611
6613
6616
6625
6634
6636
6645
6652
6653
6656
6661
6671
6672
6675
6678
6680
6686
6691
6696
6701
6704
6710
6711
6716
6719
6721
6724
6732
6740
6750
6756
6762
6767
6768
6772
6777
6779
6782
6785
6795
6804
6807
6810
6818
6827
6833
6842
6846
6856
6861
6866
6873
6883
6892
6898
6905
6912
6913
6921
6924
6932
6935
6942
6947
6955
6957
6961
6964
6966
6973
6977
6986
6990
6993
7002
7009
7010
7012
7015
7022
7023
7029
7034
7041
7049
7059
7063
7068
7076
7085
7094
7096
7103
7107
7116
7124
7131
7133
7141
7144
7148
7156
7165
7171
7180
7186
7195
7203
7207
7211
7213
7214
7223
7225
7226
7236
7239
7244
7254
7256
7262
7270
7274
7278
7283
7286
7289
7290
7292
7295
7303
7311
7312
7315
7320
7322
7323
7327
7335
7339
7349
7355
7365
7373
7376
7377
7380
7389
7396
7404
7405
7414
7416
7425
7429
7430
7434
7441
7444
7445
7448
7457
7462
7464
7473
7477
7485
7491
7500
7502
7510
7511
7516
7525
7534
7536
7540
7547
7555
7564
7574
7580
7586
7592
7599
7606
7610
7611
7612
7621
7630
7633
7637
7638
7645
7651
7652
7662
7670
7673
7676
7685
7688
7698
7703
7708
7717
7720
7728
7731
7737
7746
7751
7759
7763
7773
7779
7781
7791
7792
7795
7804
7808
7810
7815
7819
7821
7822
7827
7828
7836
7846
7847
7856
7858
7863
7864
7872
7882
7888
7892
7901
7904
7908
7911
7913
7914
7919
7920
7928
7934
7944
7945
7951
7953
7956
7957
7967
7976
7986
7988
7996
8000
8004
8005
8013
8020
8027
8028
8031
8040
8050
8059
8069
8079
8089
8094
8097
8098
8107
8115
8124
8132
8136
8137
8145
8152
8157
8160
8162
8172
8174
8181
8182
8186
8190
8197
8200
8203
8205
8210
8214
8217
8224
8225
8231
8236
8246
8253
8254
8263
8266
8274
8279
8280
8288
8295
8296
8298
8301
8311
8315
8324
8330
8332
8338
8345
8352
8361
8370
8380
8389
8397
8398
8406
8416
8418
8424
8433
8440
8444
8454
8459
8465
8469
8478
8481
8485
8495
8500
8509
8515
8517
8521
8524
8533
8535
8542
8547
8554
8562
8570
8580
8587
8592
8594
8604
8607
8614
8618
8620
8626
8636
8644
8645
8648
8655
8657
8665
8672
8675
8681
8685
8690
8691
8699
8705
8711
8715
8717
8726
8735
8744
8745
8747
8755
8761
8762
8768
8778
8779
8789
8793
8799
8804
8807
8815
8818
8825
8833
8836
8839
8840
8842
8844
8852
8858
8868
8870
8879
8881
8889
8898
8905
8912
8922
8932
8935
8942
8949
8955
8964
8969
8970
8974
8982
8991
8995
8997
8999
9002
9008
9016
9023
9026
9028
9035
9037
9039
9045
9053
9058
9067
9073
9080
9085
9095
9104
9109
9113
9116
9122
9126
9135
9139
9142
9150
9151
9158
9167
9168
9170
9172
9182
9188
9192
9199
9203
9205
9211
9215
9220
9221
9225
9227
9235
9245
9246
9250
9256
9259
9269
9271
9274
9281
9283
9291
9292
9294
9300
9303
9306
9316
9317
9323
9325
9334
9338
9345
9354
9363
9370
9372
9379
9386
9394
9395
9400
9410
9419
9429
9434
9444
9453
9461
9467
9474
9479
9488
9495
9504
9512
9521
9522
9532
9538
9545
9555
9556
9557
9559
9563
9569
9575
9584
9585
9587
9595
9603
9608
9615
9623
9624
9632
9637
9639
9642
9644
9653
9657
9663
9671
9673
9678
9686
9693
9702
9705
9709
9710
9713
9721
9730
9739
9745
9755
9763
9765
9769
9774
9782
9784
9788
9796
9798
9801
9809
9815
9819
9824
9829
9835
9841
9843
9848
9850
9853
9860
9867
9871
9875
9876
9877
9886
9888
9892
9901
9903
9910
9920
9929
9930
9932
9936
9946
9950
9960
9964
9971
9977
9983
9988
9989
9995
9996
10003
10009
10015
10017
10026
10036
10043
10046
10049
10055
10056
10062
10065
10071
10074
10075
10082
10090
10093
10102
10103
10104
10111
10120
10124
10125
10132
10137
10141
10149
10150
10156
10159
10160
10168
10174
10181
10183
10192
10194
10203
10209
10216
10222
10232
10235
10242
10248
10251
10255
10258
10260
10263
10266
10275
10284
10293
10301
10306
10307
10308
10314
10324
10334
10340
10344
10345
10355
10365
10371
10373
10375
10377
10380
10384
10388
10398
10406
10409
10413
10417
10418
10423
10432
10437
10441
10451
10454
10459
10469
10470
10476
10484
10489
10497
10504
10511
10515
10516
10526
10527
10536
10537
10539
10545
10547
10548
10552
10562
10568
10577
10587
10594
10597
10603
10611
10618
10622
10631
10637
10647
10651
10652
10655
10661
10663
10669
10677
10685
10695
10700
10702
10710
10719
10725
10733
10742
10751
10756
10759
10763
10772
10777
10779
10783
10784
10789
10791
10799
10807
10810
10812
10816
10818
10822
10824
10830
10832
10838
10839
10845
10847
10850
10853
10855
10861
10867
10871
10880
10890
10893
10902
10907
10910
10918
10924
10933
10938
10939
10949
10954
10959
10963
10969
10978
10983
10985
10986
10990
10994
10999
11000
11007
11015
11021
11027
11034
11035
11045
11054
11058
11064
11072
11082
11083
11088
11097
11105
11110
11111
11114
11118
11124
11129
11131
11138
11145
11150
11156
11159
11169
11171
11174
11179
11189
11199
11203
11211
11218
11224
11233
11241
11250
11260
11268
11276
11278
11285
11291
11292
11294
11298
11301
11308
11309
11315
11323
11328
11333
11343
11344
11351
11353
11355
11365
11366
11371
11374
11376
11386
11394
11395
11405
11409
11413
11417
11419
11423
11429
11436
11446
11452
11462
11471
11480
11484
11494
11500
11502
11506
11513
11516
11525
11534
11536
11546
11555
11557
11561
11565
11570
11574
11584
11587
11595
11598
11600
11608
11615
11617
11625
11629
11630
11637
11638
11641
11647
11654
11655
11663
11666
11667
11677
11683
11688
11692
11695
11701
11708
11709
11718
11727
11729
11735
11743
11749
11757
11767
11770
11774
11782
11785
11793
11803
11807
11814
11818
11827
11829
11830
11837
11846
11854
11861
11867
11869
11872
11882
11888
11895
11897
11903
11908
11910
11914
11923
11929
11930
11940
11943
11945
11949
11953
11959
11962
11972
11973
11978
11987
11993
12001
12005
12009
12010
12014
12015
12019
12022
12024
12026
12027
12036
12038
12047
12055
12058
12067
12077
12080
12084
12085
12088
12097
12100
12106
12112
12121
12123
12126
12131
12141
12150
12159
12162
12170
12172
12180
12190
12196
12197
12201
12206
12207
12209
12215
12219
12224
12227
12231
12234
12244
12249
12259
12262
12267
12277
12278
12283
12288
12298
12307
12313
12317
12320
12324
12325
12327
12335
12337
12347
12356
12365
12369
12372
12382
12386
12390
12393
12402
12406
12411
12412
12415
12416
12418
12421
12423
12424
12432
12439
12446
12455
12456
12462
12471
12480
12490
12496
12504
12508
12511
12514
12517
12518
12519
12522
12526
12528
12535
12544
12552
12560
12563
12572
12580
12590
12596
12606
12609
12619
12621
12625
12626
12635
12637
12647
12650
12651
12654
12659
12667
12673
12682
12684
12685
12686
12694
12696
12703
12713
12717
12718
12722
12730
12734
12735
12740
12744
12747
12751
12753
12754
12757
12765
12773
12775
12779
12780
12788
12789
12793
12800
12804
12806
12816
12822
12829
12831
12837
12839
12840
12850
12858
12862
12863
12872
12874
12880
12882
12890
12892
12900
12910
12915
12925
12934
12935
12936
12938
12947
12953
12954
12963
12973
12976
12985
12986
12995
13001
13003
13008
13016
13020
13027
13029
13036
13045
13046
13055
13062
13068
13076
13078
13079
13082
13091
13095
13101
13107
13114
13116
13121
13131
13135
13144
13148
13151
13155
13159
13167
13171
13172
13174
13179
13188
13196
13205
13215
13224
13234
13242
13252
13254
13264
13270
13279
13289
13296
13306
13310
13314
13316
13321
13323
13328
13334
13342
13349
13353
13358
13365
13369
13378
13382
13387
13390
13398
13407
13417
13418
13420
13425
13426
13434
13438
13443
13453
13458
13464
13471
13480
13490
13499
13509
13519
13527
13528
13537
13542
13548
13555
13565
13569
13576
13579
13580
13581
13588
13594
13596
13603
13605
13615
13623
13627
13633
13634
13635
13642
13648
13650
13659
13662
13670
13673
13678
13684
13687
13690
13696
13705
13712
13722
13731
13735
13741
13747
13748
13754
13763
13765
13771
13772
13780
13784
13789
13791
13797
13804
13809
13811
13819
13820
13825
13826
13833
13835
13836
13842
13848
13851
13857
13866
13870
13873
13881
13890
13896
13899
13907
13910
13920
13928
13935
13939
13941
13947
13957
13966
13976
13982
13987
13997
14003
14006
14012
14015
14018
14022
14023
14032
14040
14043
14052
14056
14064
14070
14075
14077
14086
14089
14099
14106
14115
14125
14134
14136
14143
14147
14155
14161
14166
14168
14169
14171
14174
14177
14186
14192
14197
14204
14212
14220
14224
14229
14234
14244
14246
14255
14259
14268
14276
14286
14294
14296
14298
14303
14307
14313
14316
14326
14328
14334
14340
14347
14355
14365
14366
14369
14373
14375
14385
14394
14402
14411
14416
14421
14426
14430
14436
14445
14446
14449
14459
14464
14474
14483
14487
14493
14494
14499
14503
14509
14512
14518
14526
14534
14542
14547
14552
14553
14558
14560
14562
14568
14573
14574
14577
14586
14593
14602
14604
14609
14617
14624
14629
14639
14648
14656
14660
14669
14676
14679
14688
14689
14699
14708
14709
14714
14724
14731
14740
14743
14752
14757
14765
14775
14780
14781
14789
14794
14803
14805
14814
14817
14820
14822
14827
14834
14841
14851
14855
14864
14866
14870
14877
14882
14888
14891
14894
14895
14897
14898
14902
14911
14919
14923
14927
14929
14934
14940
14947
14949
14952
14954
14964
14966
14975
14976
14981
14989
14997
15002
15004
15006
15016
15025
15027
15028
15032
15035
15041
15042
15046
15049
15052
15059
15063
15067
15074
15076
15082
15091
15094
15096
15106
15110
15120
15128
15131
15133
15137
15140
15141
15151
15154
15162
15167
15173
15174
15178
15181
15191
15199
15208
15209
15211
15213
15218
15226
15231
15235
15245
15255
15262
15270
15277
15280
15281
15291
15298
15301
15305
15306
15310
15316
15318
15328
15335
15343
15353
15356
15364
15370
15377
15386
15389
15394
15401
15405
15406
15416
15418
15427
15435
15442
15451
15456
15457
15461
15469
15479
15486
15489
15492
15500
15504
15505
15513
15517
15518
15526
15530
15537
15542
15549
15557
15562
15563
15565
15568
15573
15578
15585
15589
15594
15600
15601
15604
15605
15607
15614
15624
15628
15636
15646
15648
15654
15657
15662
15667
15669
15673
15678
15685
15694
15703
15711
15712
15716
15721
15726
15733
15741
15743
15752
15754
15757
15759
15762
15766
15768
15770
15772
15773
15782
15792
15794
15795
15805
15813
15821
15826
15832
15834
15841
15849
15858
15862
15872
15876
15878
15882
15892
15899
15903
15911
15917
15920
15921
15929
15931
15939
15940
15947
15955
15957
15965
15971
15976
15985
15987
15995
16001
16004
16006
16014
16020
16024
16026
16027
16028
16029
16035
16036
16037
16045
16054
16061
16066
16076
16078
16083
16092
16093
16102
16112
16122
16130
16140
16150
16160
16167
16168
16175
16179
16188
16189
16193
16200
16210
16215
16218
16219
16224
16229
16233
16240
16250
16252
16261
16271
16273
16275
16284
16291
16295
16301
16302
16312
16314
16315
16324
16327
16330
16337
16346
16356
16364
16372
16381
16391
16395
16396
16402
16409
16413
16423
16431
16439
16444
16448
16454
16463
16467
16471
16475
16482
16484
16485
16490
16498
16503
16506
16514
16516
16522
16530
16533
16536
16544
16545
16549
16556
16557
16567
16576
16586
16593
16598
16599
16602
16612
16613
16617
16620
16623
16628
16636
16644
16649
16655
16659
16661
16665
16669
16674
16678
16684
16687
16689
16696
16706
16715
16724
16729
16731
16736
16742
16750
16754
16755
16758
16766
16774
16782
16783
16786
16787
16788
16797
16804
16809
16815
16816
16818
16824
16832
16836
16839
16847
16857
16859
16861
16866
16867
16871
16875
16877
16883
16892
16896
16897
16903
16905
16906
16909
16915
16917
16918
16923
16924
16931
16936
16945
16955
16961
16968
16971
16974
16977
16979
16987
16992
17000
17009
17016
17017
17018
17021
17023
17027
17037
17040
17045
17047
17053
17058
17059
17066
17073
17082
17084
17088
17092
17094
17095
17101
17110
17120
17124
17133
17143
17152
17157
17161
17171
17181
17188
17198
17206
17214
17217
17223
17226
17230
17233
17242
17246
17250
17259
17265
17273
17282
17291
17293
17297
17303
17305
17308
17309
17318
17325
17331
17337
17341
17351
17357
17361
17367
17372
17381
17387
17388
17392
17398
17399
17408
17413
17417
17423
17432
17434
17437
17444
17445
17448
17451
17453
17460
17466
17467
17469
17477
17485
17489
17498
17502
17508
17510
17514
17517
17519
17529
17534
17537
17541
17542
17544
17549
17558
17565
17572
17574
17578
17587
17595
17605
17610
17615
17619
17625
17630
17635
17638
17646
17654
17660
17667
17674
17684
17685
17693
17694
17704
17713
17720
17728
17732
17735
17736
17738
17744
17748
17754
17761
17767
17772
17779
17788
17790
17796
17805
17811
17815
17819
17822
17831
17839
17846
17856
17863
17868
17875
17879
17882
17884
17885
17891
17900
17908
17909
17910
17914
17922
17926
17931
17938
17941
17942
17944
17946
17953
17959
17963
17968
17978
17984
17988
17993
17997
18005
18013
18014
18024
18026
18032
18037
18038
18039
18047
18049
18052
18056
18064
18072
18076
18080
18084
18094
18096
18102
18111
18120
18129
18130
18133
18138
18143
18147
18151
18158
18166
18173
18180
18182
18187
18196
18198
18205
18211
18221
18228
18237
18245
18247
18257
18259
18266
18274
18281
18285
18293
18295
18298
18306
18316
18321
18329
18331
18340
18343
18348
18357
18366
18368
18375
18378
18379
18384
18393
18399
18409
18414
18419
18424
18434
18444
18449
18455
18459
18462
18464
18472
18477
18481
18483
18493
18494
18502
18506
18515
18520
18523
18530
18540
18549
18557
18565
18570
18579
18587
18596
18600
18603
18605
18615
18619
18627
18632
18637
18642
18646
18652
18654
18658
18661
18670
18671
18681
18682
18686
18691
18701
18706
18711
18715
18725
18734
18740
18744
18753
18755
18758
18762
18771
18781
18790
18796
18798
18799
18806
18808
18817
18819
18828
18836
18844
18847
18856
18859
18863
18870
18877
18887
18894
18900
18902
18906
18915
18916
18924
18931
18933
18940
18941
18945
18947
18948
18953
18957
18959
18965
18974
18984
18990
18995
19001
19009
19014
19019
19026
19034
19042
19048
19051
19058
19067
19076
19086
19088
19098
19107
19108
19114
19115
19118
19128
19135
19136
19139
19142
19152
19155
19162
19170
19174
19181
19182
19188
19191
19193
19201
19203
19205
19211
19215
19218
19225
19232
19241
19243
19249
19258
19265
19275
19280
19287
19294
19297
19306
19315
19317
19324
19333
19341
19350
19360
19368
19378
19379
19385
19394
19397
19404
19414
19422
19424
19432
19438
19440
19447
19452
19457
19467
19477
19484
19486
19492
19498
19505
19506
19514
19520
19521
19529
19539
19545
19552
19561
19567
19571
19579
19580
19588
19594
19597
19601
19602
19607
19617
19626
19632
19641
19642
19643
19653
19661
19669
19674
19679
19687
19693
19703
19706
19710
19713
19716
19720
19722
19732
19740
19744
19745
19750
19754
19762
19771
19772
19781
19790
19792
19795
19803
19808
19818
19820
19830
19834
19841
19844
19845
19853
19856
19857
19858
19864
19868
19874
19882
19890
19895
19900
19904
19908
19917
19924
19929
19934
19940
19950
19953
19958
19963
19966
19971
19974
19980
19984
19987
19991
19996
19997
20000
20004
20012
20015
20016
20024
20032
20039
20041
20049
20055
20062
20070
20080
20081
20090
20096
20104
20109
20112
20118
20125
20131
20140
20149
20152
20161
20167
20170
20178
20185
20193
20197
20201
20207
20214
20224
20229
20234
20240
20250
20257
20267
20270
20280
20286
20293
20295
20303
20312
20316
20324
20327
20334
20344
20346
20347
20348
20353
20359
20366
20370
20377
20382
20389
20397
20404
20408
20418
20420
20425
20433
20439
20440
20441
20447
20453
20462
20471
20478
20488
20497
20499
20505
20512
20513
20520
20521
20526
20534
20543
20550
20555
20556
20560
20565
20567
20568
20569
20574
20578
20585
20587
20588
20594
20601
20610
20617
20625
20632
20640
20649
20659
20664
20670
20672
20673
20676
20685
20692
20700
20701
20709
20717
20722
20729
20732
20735
20745
20752
20758
20765
20770
20771
20778
20788
20795
20798
20808
20810
20813
20820
20825
20833
20834
20843
20846
20851
20853
20854
20855
20859
20866
20868
20876
20886
20895
20896
20899
20909
20918
20928
20936
20941
20949
20957
20963
20967
20977
20979
20982
20992
20999
21001
21003
21008
21018
21027
21034
21044
21052
21057
21066
21069
21075
21084
21087
21093
21100
21102
21112
21116
21124
21126
21130
21133
21134
21141
21150
21160
21170
21174
21184
21186
21188
21192
21197
21206
21209
21214
21224
21226
21231
21235
21245
21250
21260
21266
21269
21271
21278
21286
21289
21295
21297
21306
21307
21315
21321
21329
21334
21337
21347
21349
21358
21363
21368
21377
21379
21382
21391
21396
21403
21411
21415
21417
21423
21432
21438
21443
21446
21453
21460
21465
21472
21474
21479
21480
21485
21492
21499
21507
21513
21522
21524
21526
21532
21534
21536
21546
21547
21555
21562
21566
21571
21576
21582
21590
21593
21600
21606
21613
21616
21626
21633
21639
21643
21646
21648
21655
21659
21664
21674
21675
21681
21688
21694
21695
21702
21708
21712
21716
21719
21726
21733
21734
21741
21744
21745
21746
21752
21755
21756
21762
21769
21771
21772
21777
21787
21792
21793
21796
21803
21810
21815
21816
21824
21827
21834
21841
21850
21856
21858
21859
21860
21863
21865
21869
21878
21883
21887
21893
21894
21903
21911
21912
21918
21922
21928
21935
21939
21940
21943
21953
21963
21967
21975
21985
21989
21999
22003
22004
22007
22013
22015
22017
22026
22030
22034
22042
22047
22054
22062
22064
22074
22079
22086
22088
22091
22100
22103
22109
22117
22125
22134
22139
22142
22143
22150
22156
22157
22163
22170
22171
22179
22182
22187
22192
22197
22198
22204
22205
22212
22219
22222
22229
22233
22235
22243
22249
22255
22261
22266
22275
22285
22295
22304
22306
22309
22317
22325
22335
22338
22340
22349
22352
22362
22370
22380
22390
22391
22392
22399
22404
22407
22413
22417
22423
22425
22435
22443
22452
22457
22467
22469
22479
22488
22496
22506
22513
22523
22529
22536
22541
22549
22554
22559
22568
22575
22581
22583
22588
22598
22607
22616
22624
22628
22633
22639
22647
22655
22661
22663
22667
22671
22679
22689
22696
22702
22706
22711
22712
22715
22720
22730
22739
22740
22745
22748
22755
22757
22763
22770
22772
22773
22779
22780
22785
22794
22802
22803
22812
22814
22822
22825
22834
22835
22837
22839
22849
22851
22852
22856
22859
22863
22866
22869
22878
22880
22889
22897
22903
22910
22913
22920
22925
22933
22938
22942
22950
22951
22957
22962
22966
22974
22978
22987
22988
22994
23001
23010
23013
23020
23029
23031
23034
23041
23048
23051
23056
23060
23061
23064
23065
23071
23073
23074
23080
23089
23090
23092
23096
23105
23108
23117
23122
23128
23136
23139
23143
23152
23162
23164
23171
23174
23177
23179
23183
23192
23198
23205
23212
23221
23231
23235
23241
23249
23256
23266
23272
23280
23288
23289
23290
23293
23299
23309
23313
23314
23318
23326
23333
23335
23341
23344
23350
23360
23366
23370
23376
23382
23386
23393
23400
23409
23415
23418
23420
23421
23424
23431
23440
23450
23457
23460
23466
23475
23484
23491
23498
23500
23507
23515
23517
23520
23526
23529
23534
23544
23547
23555
23556
23557
23562
23572
23573
23582
23584
23585
23586
23588
23596
23600
23606
23613
23623
23629
23630
23637
23644
23647
23651
23658
23666
23672
23675
23681
23688
23695
23702
23710
23719
23726
23731
23737
23743
23752
23753
23754
23759
23764
23767
23770
23779
23786
23792
23793
23803
23813
23823
23827
23836
23844
23846
23852
23854
23864
23874
23883
23889
23892
23896
23898
23899
23907
23911
23920
23929
23935
23945
23952
23962
23966
23968
23970
23980
23982
23985
23990
23997
24006
24007
24016
24026
24032
24033
24038
24045
24054
24061
24069
24073
24077
24079
24087
24091
24093
24097
24102
24105
24113
24121
24125
24129
24136
24142
24148
24152
24159
24160
24170
24176
24183
24187
24191
24194
24204
24214
24221
24225
24231
24237
24239
24244
24252
24254
24262
24272
24282
24289
24295
24298
24301
24305
24313
24314
24324
24332
24339
24349
24355
24362
24372
24382
24386
24392
24401
24403
24412
24422
24429
24431
24440
24445
24451
24455
24460
24467
24472
24474
24480
24483
24485
24493
24499
24504
24513
24517
24526
24532
24535
24539
24541
24545
24548
24549
24550
24551
24560
24566
24569
24578
24587
24595
24597
24598
24607
24614
24618
24621
24624
24627
24635
24636
24645
24650
24658
24663
24667
24672
24677
24682
24689
24690
24696
24702
24706
24714
24717
24719
24729
24730
24739
24748
24757
24758
24768
24770
24777
24785
24794
24801
24807
24817
24826
24827
24833
24838
24845
24853
24860
24865
24866
24868
24877
24886
24891
24901
24906
24913
24918
24919
24929
24932
24942
24944
24947
24952
24956
24966
24976
24984
24992
24999
25006
25014
25024
25028
25038
25043
25049
25054
25061
25071
25080
25087
25096
25099
25106
25114
25120
25129
25136
25145
25148
25153
25157
25163
25170
25177
25180
25187
25192
25202
25205
25210
25213
25223
25230
25237
25240
25243
25249
25256
25262
25265
25275
25281
25289
25294
25299
25303
25308
25318
25321
25323
25327
25331
25339
25343
25347
25348
25354
25359
25365
25367
25370
25379
25385
25392
25393
25395
25404
25414
25417
25425
25429
25438
25443
25446
25453
25461
25468
25472
25473
25476
25486
25490
25500
25510
25513
25516
25519
25529
25534
25544
25549
25558
25563
25570
25574
25579
25582
25591
25595
25599
25607
25616
25620
25628
25634
25644
25646
25651
25661
25663
25671
25678
25681
25687
25690
25693
25702
25709
25711
25717
25723
25733
25740
25743
25750
25759
25769
25770
25777
25782
25783
25790
25797
25801
25807
25812
25814
25823
25832
25837
25842
25850
25854
25857
25862
25866
25869
25875
25877
25880
25885
25895
25901
25902
25909
25918
25924
25929
25931
25941
25943
25953
25956
25960
25963
25966
25969
25979
25981
25989
25995
25996
26006
26016
26025
26035
26044
26045
26047
26056
26057
26064
26073
26078
26084
26090
26091
26100
26107
26108
26114
26119
26126
26129
26139
26143
26146
26152
26159
26163
26169
26177
26180
26189
26195
26200
26209
26219
26222
26231
26238
26247
26256
26265
26271
26281
26291
26296
26299
26309
26319
26328
26336
26345
26349
26351
26355
26356
26363
26370
26374
26379
26380
26389
26393
26401
26408
26415
26416
26422
26425
26426
26434
26438
26445
26454
26462
26472
26477
26486
26487
26496
26502
26510
26513
26518
26521
26531
26534
26535
26537
26543
26544
26546
26551
26552
26553
26559
26567
26572
26580
26588
26594
26597
26606
26610
26616
26626
26634
26643
26653
26660
26661
26671
26672
26674
26684
26686
26693
26694
26696
26701
26705
26710
26718
26728
26735
26745
26746
26754
26760
26766
26771
26781
26786
26789
26790
26800
26808
26812
26816
26824
26832
26833
26839
26843
26845
26848
26855
26860
26863
26868
26875
26876
26880
26886
26889
26897
26899
26901
26906
26916
26923
26929
26939
26948
26956
26965
26970
26971
26974
26984
26985
26991
27000
27003
27010
27013
27023
27030
27040
27049
27053
27063
27069
27077
27078
27080
27083
27084
27092
27099
27105
27112
27116
27119
27128
27134
27140
27149
27158
27159
27161
27171
27176
27182
27189
27197
27205
27207
27216
27220
27227
27231
27235
27244
27248
27254
27264
27271
27273
27275
27285
27290
27294
27304
27306
27316
27319
27326
27327
27335
27336
27346
27350
27359
27367
27371
27372
27381
27388
27397
27401
27402
27409
27418
27424
27428
27438
27447
27454
27455
27461
27468
27472
27481
27491
27498
27499
27505
27515
27525
27527
27535
27541
27546
27555
27564
27569
27571
27573
27581
27582
27585
27591
27598
27607
27616
27617
27623
27627
27632
27636
27644
27650
27657
27658
27665
27667
27668
27678
27687
27695
27705
27711
27715
27723
27725
27727
27735
27739
27741
27748
27758
27760
27765
27768
27776
27777
27786
27793
27798
27808
27816
27817
27819
27823
27825
27827
27837
27847
27857
27863
27873
27877
27883
27890
27892
27897
27901
27911
27917
27922
27928
27934
27935
27939
27947
27950
27953
27958
27962
27963
27969
27978
27979
27983
27984
27991
27997
28002
28003
28012
28021
28026
28035
28037
28045
28053
28062
28063
28073
28074
28075
28076
28079
28080
28085
28091
28096
28099
28101
28108
28117
28122
28129
28136
28143
28146
28155
28164
28170
28173
28181
28188
28198
28201
28203
28210
28211
28219
28226
28227
28228
28234
28240
28249
28254
28259
28263
28273
28280
28284
28291
28300
28305
28307
28309
28315
28321
28326
28329
28339
28342
28347
28348
28354
28362
28369
28370
28375
28380
28388
28394
28400
28410
28412
28421
28426
28431
28438
28444
28446
28447
28452
28462
28472
28478
28487
28495
28501
28506
28515
28522
28523
28526
28533
28536
28544
28548
28550
28556
28566
28572
28582
28591
28601
28609
28614
28615
28624
28629
28637
28640
28641
28650
28659
28666
28667
28670
28674
28684
28686
28690
28698
28708
28712
28716
28718
28721
28727
28734
28737
28738
28745
28747
28755
28763
28764
28770
28777
28779
28782
28785
28792
28794
28795
28801
28807
28811
28815
28817
28820
28826
28834
28837
28839
28847
28849
28852
28855
28864
28865
28875
28880
28890
28894
28896
28901
28903
28908
28912
28913
28918
28927
28935
28939
28942
28951
28954
28958
28968
28977
28983
28984
28993
28997
29003
29005
29011
29020
29024
29032
29034
29041
29042
29052
29053
29059
29063
29065
29070
29073
29074
29076
29082
29092
29093
29098
29101
29108
29109
29115
29118
29123
29126
29130
29139
29145
29146
29152
29156
29159
29169
29177
29181
29189
29194
29204
29213
29222
29231
29232
29242
29250
29254
29255
29263
29270
29272
29275
29280
29283
29292
29299
29303
29313
29322
29326
29332
29334
29335
29345
29352
29355
29361
29366
29375
29381
29385
29387
29395
29396
29405
29406
29411
29418
29428
29435
29444
29450
29453
29456
29459
29461
29469
29478
29484
29494
29504
29507
29517
29524
29534
29540
29541
29548
29551
29557
29560
29564
29566
29573
29575
29576
29579
29582
29584
29585
29589
29595
29601
29602
29603
29612
29613
29615
29622
29627
29632
29642
29643
29653
29656
29662
29664
29669
29670
29673
29675
29681
29683
29690
29694
29695
29704
29707
29713
29720
29725
29728
29733
29739
29742
29744
29746
29752
29753
29759
29761
29769
29772
29776
29784
29788
29789
29799
29808
29813
29818
29828
29834
29835
29841
29843
29846
29851
29852
29859
29860
29862
29872
29882
29886
29894
29895
29901
29908
29909
29918
29924
29932
29942
29944
29945
29948
29955
29965
29966
29976
29982
29992
30002
30004
30006
30011
30019
30025
30027
30031
30041
30050
30055
30059
30064
30069
30070
30072
30080
30085
30087
30095
30101
30102
30112
30118
30127
30129
30132
30140
30141
30151
30158
30166
30175
30184
30189
30198
30204
30206
30210
30216
30218
30223
30231
30234
30239
30246
30251
30260
30262
30267
30276
30283
30290
30297
30298
30308
30316
30326
30336
30340
30345
30347
30352
30353
30361
30368
30371
30374
30383
30390
30393
30397
30406
30416
30420
30428
30432
30440
30447
30452
30454
30458
30459
30463
30466
30467
30470
30474
30479
30483
30491
30497
30500
30501
30509
30516
30517
30526
30533
30542
30552
30557
30561
30571
30575
30579
30580
30581
30589
30590
30598
30601
30605
30613
30617
30619
30625
30635
30637
30646
30648
30657
30661
30670
30679
30688
30693
30701
30704
30706
30709
30716
30724
30725
30734
30738
30743
30745
30755
30758
30761
30763
30765
30769
30775
30777
30779
30780
30789
30791
30794
30799
30804
30810
30811
30817
30823
30827
30828
30837
30847
30848
30856
30859
30868
30869
30875
30885
30894
30904
30906
30908
30914
30918
30926
30936
30937
30945
30950
30955
30963
30966
30968
30973
30980
30983
30991
30993
30995
30998
31004
31013
31019
31028
31033
31040
31049
31055
31064
31070
31080
31088
31091
31093
31103
31111
31114
31118
31124
31127
31135
31145
31152
31158
31161
31170
31174
31180
31188
31192
31198
31208
31216
31226
31228
31229
31233
31242
31245
31254
31261
31263
31269
31276
31286
31288
31297
31307
31310
31320
31329
31338
31343
31346
31355
31362
31364
31372
31376
31378
31383
31393
31401
31407
31417
31426
31428
31434
31440
31443
31446
31453
31461
31465
31473
31483
31488
31496
31499
31504
31514
31518
31526
31531
31534
31536
31546
31553
31561
31571
31581
31586
31593
31596
31604
31612
31616
31618
31621
31631
31639
31641
31644
31651
31658
31662
31670
31675
31678
31681
31687
31694
31699
31701
31707
31711
31714
31718
31721
31731
31734
31744
31752
31762
31768
31778
31783
31786
31796
31797
31800
31806
31810
31812
31822
31823
31828
31836
31842
31852
31853
31862
31871
31874
31883
31889
31894
31899
31901
31906
31914
31920
31930
31932
31937
31947
31948
31955
31956
31964
31968
31970
31972
31981
31988
31989
31993
31995
32002
32011
32016
32018
32024
32027
32034
32035
32040
32044
32045
32052
32062
32068
32075
32079
32085
32088
32097
32103
32104
32111
32117
32124
32129
32132
32135
32141
32147
32154
32156
32160
32167
32168
32172
32173
32175
32180
32184
32192
32193
32203
32206
32212
32215
32218
32227
32232
32235
32244
32250
32259
32262
32270
32273
32276
32277
32281
32291
32293
32294
32296
32302
32307
32312
32318
32328
32338
32341
32348
32358
32359
32363
32369
32376
32385
32394
32404
32410
32417
32427
32429
32434
32437
32438
32446
32455
32463
32472
32474
32483
32487
32491
32497
32499
32507
32510
32516
32518
32524
32533
32536
32541
32542
32551
32553
32559
32563
32567
32573
32582
32588
32596
32606
32616
32619
32624
32629
32631
32638
32648
32651
32658
32667
32673
32676
32677
32679
32682
32691
32694
32704
32712
32719
32728
32737
32745
32754
32760
32765
32771
32781
32783
32784
32785
32792
32794
32803
32811
32813
32821
32823
32824
32832
32840
32850
32854
32861
32862
32866
32871
32876
32886
32893
32899
32909
32918
32919
32923
32932
32939
32944
32948
32950
32955
32959
32961
32964
32965
32973
32978
32987
32992
33002
33006
33016
33024
33026
33032
33040
33044
33047
33056
33062
33072
33080
33090
33094
33102
33108
33109
33111
33121
33130
33135
33142
33145
33147
33151
33161
33162
33170
33173
33182
33183
33193
33196
33197
33207
33212
33215
33216
33223
33230
33235
33242
33244
33248
33255
33260
33266
33275
33285
33293
33298
33303
33305
33312
33320
33326
33331
33332
33335
33339
33343
33346
33349
33353
33363
33372
33382
33386
33396
33404
33410
33416
33419
33429
33435
33444
33454
33462
33463
33468
33470
33471
33475
33484
33487
33495
33499
33502
33506
33512
33519
33520
33528
33531
33541
33548
33555
33560
33563
33571
33577
33587
33594
33595
33603
33610
33612
33618
33619
33622
33628
33636
33645
33650
33652
33662
33665
33671
33674
33684
33688
33689
33692
33695
33702
33703
33713
33716
33722
33724
33731
33737
33742
33750
33755
33765
33768
33770
33780
33788
33790
33797
33802
33806
33808
33816
33822
33828
33834
33837
33847
33848
33857
33861
33871
33881
33884
33889
33894
33897
33903
33909
33913
33920
33923
33932
33937
33939
33942
33949
33956
33966
33968
33973
33977
33982
33989
33998
34003
34007
34016
34021
34029
34034
34041
34046
34053
34060
34064
34073
34074
34081
34083
34085
34092
34102
34103
34109
34118
34120
34122
34124
34130
34139
34143
34148
34158
34159
34168
34170
34180
34184
34193
34201
34206
34214
34215
34223
34230
34234
34244
34247
34254
34264
34273
34283
34289
34291
34299
34300
34301
34309
34311
34314
34321
34331
34336
34340
34341
34344
34347
34350
34354
34358
34362
34364
34365
34368
34372
34373
34383
34393
34396
34403
34409
34416
34423
34427
34432
34441
34450
34459
34468
34472
34478
34480
34484
34492
34496
34504
34509
34510
34517
34519
34529
34534
34541
34544
34549
34553
34554
34556
34560
34566
34575
34579
34587
34592
34600
34602
34605
34609
34619
34620
34629
34632
34641
34648
34649
34657
34666
34668
34675
34681
34683
34688
34689
34695
34703
34713
34714
34720
34724
34734
34739
34748
34753
34757
34766
34775
34776
34784
34789
34793
34797
34800
34801
34810
34817
34822
34829
34839
34847
34855
34863
34873
34876
34882
34888
34895
34903
34910
34915
34921
34922
34929
34932
34938
34942
34949
34956
34965
34972
34976
34981
34991
34993
34999
35004
35009
35014
35018
35028
35035
35043
35048
35056
35063
35067
35072
35075
35077
35087
35093
35103
35110
35112
35114
35123
35127
35134
35135
35142
35152
35153
35163
35168
35175
35185
35189
35196
35198
35202
35209
35213
35214
35222
35228
35231
35239
35249
35255
35259
35263
35265
35272
35282
35288
35297
35301
35310
35318
35320
35322
35327
35331
35337
35345
35346
35348
35356
35365
35372
35378
35380
35387
35397
35407
35409
35411
35414
35424
35430
35434
35435
35440
35447
35451
35454
35463
35473
35479
35480
35481
35490
35492
35501
35507
35515
35516
35521
35529
35534
35538
35543
35546
35552
35557
35558
35561
35566
35576
35581
35588
35592
35601
35610
35620
35622
35632
35636
35639
35640
35647
35648
35657
35666
35667
35671
35673
35676
35681
35691
35697
35703
35706
35716
35725
35728
35738
35739
35740
35747
35755
35760
35763
35770
35774
35779
35783
35790
35792
35794
35799
35801
35804
35814
35817
35824
35825
35835
35844
35854
35860
35863
35864
35872
35877
35878
35888
35891
35897
35901
35907
35916
35919
35924
35931
35940
35944
35946
35954
35963
35971
35974
35980
35981
35990
35996
36000
36001
36008
36010
36020
36026
36028
36036
36041
36042
36046
36056
36057
36066
36070
36071
36080
36082
36087
36091
36096
36099
36106
36111
36118
36124
36129
36138
36141
36142
36152
36161
36164
36166
36171
36172
36179
36182
36187
36190
36191
36198
36205
36212
36215
36223
36225
36227
36237
36245
36248
36254
36256
36260
36261
36270
36280
36289
36294
36296
36303
36310
36318
36320
36321
36324
36333
36337
36341
36343
36346
36353
36357
36359
36365
36370
36376
36380
36385
36390
36398
36402
36407
36411
36414
36416
36421
36422
36430
36439
36449
36457
36458
36462
36464
36468
36475
36477
36478
36487
36491
36495
36497
36501
36504
36506
36511
36521
36528
36531
36536
36546
36549
36552
36554
36564
36565
36566
36576
36582
36585
36591
36593
36601
36603
36607
36609
36616
36622
36626
36627
36631
36636
36639
36644
36648
36655
36658
36664
36674
36678
36686
36693
36697
36707
36709
36710
36716
36725
36727
36737
36738
36744
36749
36758
36767
36772
36781
36785
36794
36802
36808
36809
36812
36818
36819
36821
36827
36830
36835
36842
36845
36850
36856
36862
36867
36877
36882
36892
36895
36905
36912
36922
36924
36928
36929
36936
36939
36943
36947
36957
36958
36964
36972
36973
36983
36993
36994
36996
37004
37014
37018
37023
37025
37031
37037
37041
37046
37056
37064
37070
37075
37084
37086
37090
37097
37101
37109
37111
37117
37119
37121
37122
37125
37131
37132
37134
37135
37143
37147
37152
37156
37158
37160
37169
37177
37187
37188
37194
37204
37207
37209
37212
37213
37217
37222
37230
37231
37232
37234
37243
37247
37249
37251
37260
37269
37273
37277
37283
37293
37296
37305
37309
37314
37320
37330
37331
37338
37341
37346
37352
37362
37371
37377
37379
37388
37396
37403
37411
37417
37427
37432
37436
37438
37439
37445
37450
37457
37458
37467
37469
37471
37479
37484
37489
37495
37500
37503
37513
37514
37522
37532
37537
37545
37546
37552
37559
37564
37574
37577
37583
37589
37591
37594
37596
37601
37605
37609
37612
37614
37624
37629
37639
37643
37649
37655
37656
37663
37665
37673
37677
37679
37686
37689
37690
37695
37702
37711
37714
37724
37731
37740
37742
37752
37759
37763
37773
37782
37790
37796
37800
37801
37802
37808
37813
37815
37819
37825
37833
37837
37845
37854
37859
37862
37871
37872
37877
37879
37886
37892
37901
37905
37913
37916
37918
37928
37936
37938
37941
37943
37945
37948
37950
37954
37960
37967
37968
37970
37976
37980
37981
37990
37996
38000
38003
38006
38013
38021
38031
38034
38044
38051
38053
38056
38058
38059
38060
38069
38070
38071
38077
38087
38096
38098
38101
38106
38110
38111
38114
38115
38116
38121
38123
38133
38140
38146
38150
38160
38168
38173
38182
38192
38197
38198
38207
38215
38223
38229
38236
38237
38241
38250
38251
38261
38266
38276
38280
38286
38291
38299
38308
38315
38317
38322
38330
38334
38344
38352
38353
38359
38364
38369
38376
38382
38391
38396
38404
38413
38421
38427
38430
38432
38440
38448
38455
38465
38470
38480
38484
38486
38488
38493
38503
38509
38515
38516
38519
38523
38533
38540
38550
38559
38568
38570
38574
38581
38582
38583
38593
38599
38604
38613
38621
38626
38636
38646
38655
38659
38668
38674
38677
38679
38685
38689
38691
38698
38706
38710
38711
38717
38720
38723
38725
38731
38732
38735
38742
38745
38754
38758
38765
38773
38778
38784
38788
38796
38804
38813
38822
38827
38828
38832
38838
38847
38857
38861
38863
38871
38872
38882
38886
38890
38896
38904
38908
38915
38920
38930
38935
38936
38937
38947
38955
38964
38971
38977
38980
38983
38987
38993
38997
39005
39015
39017
39018
39024
39025
39035
39039
39046
39052
39058
39068
39075
39077
39087
39097
39099
39107
39113
39123
39128
39136
39142
39143
39147
39150
39151
39155
39164
39173
39179
39189
39194
39195
39199
39207
39215
39225
39231
39241
39242
39249
39258
39266
39273
39283
39284
39294
39296
39304
39314
39323
39329
39339
39340
39345
39346
39352
39355
39361
39370
39371
39379
39384
39394
39398
39403
39404
39406
39408
39413
39421
39423
39424
39431
39436
39440
39449
39450
39452
39453
39458
39464
39468
39474
39484
39489
39492
39500
39501
39510
39513
39517
39518
39520
39523
39529
39537
39543
39545
39554
39560
39564
39566
39573
39574
39583
39588
39597
39605
39611
39619
39625
39631
39632
39635
39640
39649
39650
39655
39665
39671
39676
39678
39681
39686
39694
39704
39705
39708
39711
39716
39724
39732
39733
39735
39743
39745
39753
39762
39768
39770
39776
39784
39789
39793
39801
39804
39814
39817
39820
39826
39829
39835
39836
39841
39842
39851
39860
39865
39870
39874
39878
39884
39887
39890
39891
39897
39898
39903
39907
39910
39917
39926
39935
39937
39943
39950
39953
39957
39966
39976
39978
39980
39986
39993
40002
40004
40013
40021
40023
40033
40043
40046
40047
40052
40054
40057
40066
40067
40068
40073
40080
40081
40082
40086
40096
40105
40111
40116
40122
40127
40132
40141
40142
40152
40161
40171
40179
40180
40190
40199
40204
40214
40217
40218
40227
40228
40236
40240
40241
40244
40250
40251
40259
40260
40263
40271
40281
40282
40283
40290
40295
40297
40303
40305
40308
40318
40326
40327
40334
40338
40345
40349
40356
40364
40371
40378
40382
40386
40389
40394
40403
40405
40413
40415
40425
40426
40433
40441
40443
40447
40451
40460
40462
40470
40480
40482
40486
40487
40489
40498
40502
40503
40507
40512
40519
40527
40531
40534
40540
40545
40554
40557
40565
40575
40579
40586
40592
40597
40604
40609
40611
40621
40630
40638
40645
40646
40648
40652
40658
40664
40671
40680
40687
40696
40699
40704
40711
40717
40721
40725
40735
40740
40749
40759
40762
40763
40765
40771
40777
40787
40792
40800
40806
40807
40817
40818
40820
40825
40827
40831
40834
40844
40853
40860
40864
40874
40884
40890
40892
40894
40895
40903
40910
40920
40923
40926
40931
40938
40948
40952
40955
40959
40964
40966
40975
40976
40978
40985
40994
41004
41010
41018
41025
41029
41038
41041
41043
41048
41054
41059
41060
41070
41072
41074
41083
41089
41095
41101
41106
41110
41111
41121
41129
41137
41147
41149
41151
41161
41170
41175
41183
41193
41196
41202
41212
41222
41227
41235
41242
41251
41259
41264
41274
41281
41284
41288
41295
41303
41305
41314
41323
41325
41329
41334
41343
41348
41357
41366
41372
41377
41382
41384
41385
41387
41390
41392
41393
41396
41397
41403
41404
41406
41407
41416
41424
41425
41431
41434
41440
41445
41448
41453
41456
41466
41475
41481
41488
41495
41497
41498
41503
41505
41512
41519
41525
41529
41531
41536
41543
41546
41556
41558
41565
41573
41581
41589
41597
41598
41604
41612
41620
41621
41625
41629
41637
41641
41643
41649
41651
41659
41668
41669
41674
41676
41686
41690
41691
41700
41701
41710
41713
41715
41716
41723
41727
41736
41742
41747
41757
41762
41764
41770
41779
41780
41789
41795
41804
41806
41808
41814
41816
41823
41826
41836
41838
41846
41847
41853
41858
41861
41869
41876
41885
41888
41896
41906
41912
41921
41923
41932
41936
41944
41954
41958
41964
41973
41977
41978
41988
41994
42001
42011
42015
42024
42034
42043
42045
42053
42057
42064
42073
42080
42084
42087
42094
42095
42104
42112
42113
42118
42127
42129
42138
42140
42144
42153
42161
42170
42180
42186
42188
42198
42205
42212
42222
42228
42234
42237
42246
42248
42255
42258
42266
42275
42284
42285
42291
42292
42302
42312
42320
42324
42328
42335
42341
42345
42354
42358
42368
42371
42378
42385
42391
42401
42403
42408
42418
42427
42435
42440
42445
42448
42456
42459
42467
42470
42471
42481
42490
42492
42499
42502
42505
42513
42518
42527
42531
42541
42550
42555
42562
42571
42578
42587
42595
42601
42610
42618
42624
42632
42634
42642
42646
42654
42655
42665
42672
42682
42685
42688
42689
42691
42698
42700
42706
42712
42722
42729
42734
42741
42749
42752
42759
42768
42775
42785
42788
42797
42806
42811
42816
42817
42825
42835
42845
42854
42859
42861
42863
42869
42876
42884
42888
42891
42892
42901
42910
42920
42924
42926
42930
42937
42939
42940
42942
42948
42951
42954
42957
42958
42963
42966
42974
42976
42985
42989
42993
42998
43008
43015
43019
43023
43026
43029
43036
43042
43045
43048
43053
43059
43066
43069
43073
43082
43088
43096
43105
43107
43109
43110
43111
43112
43116
43124
43134
43141
43149
43158
43167
43175
43177
43183
43186
43190
43192
43199
43206
43211
43214
43216
43226
43234
43237
43246
43249
43258
43261
43268
43269
43277
43287
43292
43294
43303
43310
43312
43313
43321
43330
43340
43346
43348
43357
43362
43364
43371
43376
43384
43390
43398
43408
43412
43413
43418
43423
43433
43439
43440
43448
43453
43463
43470
43475
43483
43489
43495
43504
43510
43511
43514
43516
43524
43525
43528
43530
43539
43541
43544
43551
43558
43559
43568
43570
43572
43581
43584
43593
43594
43603
43612
43618
43621
43630
43631
43635
43643
43647
43653
43658
43662
43665
43671
43676
43682
43684
43693
43702
43707
43708
43710
43719
43722
43732
43740
43747
43750
43753
43758
43760
43768
43773
43776
43778
43783
43786
43796
43801
43809
43810
43814
43816
43823
43825
43833
43841
43844
43850
43854
43862
43870
43880
43882
43886
43895
43898
43903
43911
43914
43917
43920
43928
43933
43935
43944
43953
43955
43963
43967
43970
43972
43973
43983
43985
43991
43999
44008
44018
44020
44028
44032
44040
44049
44057
44062
44069
44075
44078
44080
44090
44100
44110
44118
44121
44128
44129
44132
44138
44140
44141
44142
44144
44145
44155
44164
44169
44171
44177
44178
44188
44194
44197
44202
44206
44207
44208
44210
44217
44226
44234
44236
44244
44245
44248
44256
44264
44271
44276
44282
44292
44299
44300
44306
44312
44321
44327
44332
44336
44340
44347
44351
44359
44366
44369
44377
44387
44394
44402
44408
44409
44418
44424
44425
44433
44437
44444
44451
44454
44460
44462
44470
44471
44475
44483
44486
44492
44497
44503
44508
44515
44516
44523
44531
44537
44545
44554
44563
44565
44572
44582
44585
44588
44592
44601
44604
44606
44608
44615
44620
44628
44637
44644
44653
44656
44660
44668
44670
44672
44682
44690
44691
44699
44709
44710
44715
44716
44724
44732
44742
44749
44759
44768
44770
44779
44782
44784
44792
44796
44800
44807
44817
44821
44823
44830
44835
44844
44853
44859
44861
44863
44864
44868
44875
44885
44892
44902
44909
44918
44928
44934
44939
44948
44953
44956
44963
44972
44979
44983
44987
44989
44996
44997
45004
45014
45017
45018
45022
45026
45033
45040
45047
45052
45061
45068
45069
45070
45077
45087
45096
45104
45113
45118
45128
45136
45145
45146
45148
45150
45151
45155
45160
45170
45178
45179
45183
45186
45194
45195
45201
45204
45207
45217
45218
45220
45226
45232
45239
45247
45251
45261
45268
45277
45283
45293
45300
45307
45308
45312
45319
45322
45324
45328
45337
45345
45351
45361
45371
45379
45385
45388
45391
45399
45400
45404
45410
45416
45419
45426
45432
45435
45443
45444
45454
45460
45466
45474
45482
45490
45494
45501
45507
45513
45520
45522
45526
45532
45536
45537
45544
45546
45554
45558
45567
45572
45576
45581
45588
45593
45602
45608
45611
45617
45619
45626
45630
45631
45636
45641
45649
45652
45657
45664
45666
45673
45680
45687
45691
45695
45697
45704
45710
45716
45723
45732
45741
45751
45753
45758
45766
45767
45772
45778
45784
45790
45795
45803
45809
45812
45822
45831
45832
45835
45842
45848
45851
45857
45866
45876
45886
45895
45902
45906
45907
45908
45910
45914
45923
45930
45939
45948
45951
45957
45967
45975
45977
45982
45985
45986
45996
46005
46007
46015
46022
46028
46035
46041
46045
46049
46055
46062
46066
46072
46078
46086
46087
46089
46090
46094
46102
46106
46108
46112
46117
46127
46134
46135
46138
46140
46150
46159
46168
46177
46185
46191
46192
46202
46203
46207
46215
46218
46224
46227
46231
46237
46245
46253
46263
46264
46266
46268
46273
46278
46284
46294
46300
46307
46312
46320
46327
46336
46337
46338
46339
46348
46355
46363
46372
46376
46380
46389
46392
46399
46403
46412
46418
46425
46433
46434
46441
46443
46445
46449
46459
46465
46466
46468
46472
46481
46490
46497
46505
46515
46523
46524
46531
46532
46534
46539
46546
46551
46554
46563
46566
46569
46576
46585
46593
46603
46606
46616
46620
46629
46636
46637
46644
46651
46660
46669
46676
46684
46688
46692
46694
46696
46702
46703
46708
46709
46713
46718
46723
46728
46731
46736
46746
46748
46752
46760
46762
46765
46769
46778
46780
46785
46787
46793
46794
46797
46804
46811
46812
46820
46824
46832
46835
46836
46837
46846
46852
46862
46872
46874
46884
46890
46897
46907
46911
46921
46925
46930
46938
46944
46951
46957
46960
46967
46975
46978
46983
46992
47001
47004
47013
47014
47022
47030
47032
47039
47046
47053
47061
47066
47067
47075
47081
47083
47087
47091
47101
47108
47111
47121
47122
47130
47131
47138
47142
47150
47154
47155
47156
47162
47172
47174
47176
47179
47182
47185
47186
47192
47194
47203
47212
47214
47217
47225
47231
47237
47238
47240
47243
47244
47253
47261
47264
47265
47275
47283
47287
47288
47295
47298
47302
47312
47315
47325
47329
47333
47337
47342
47349
47356
47362
47367
47368
47371
47374
47380
47384
47394
47400
47408
47417
47427
47432
47439
47443
47448
47451
47452
47458
47465
47475
47484
47490
47493
47502
47512
47522
47525
47529
47537
47538
47545
47549
47550
47552
47559
47567
47573
47580
47584
47594
47595
47602
47606
47613
47619
47627
47629
47631
47633
47634
47641
47645
47654
47663
47671
47676
47685
47695
47696
47706
47712
47719
47725
47728
47733
47742
47750
47751
47760
47764
47773
47781
47783
47792
47795
47803
47809
47816
47817
47820
47825
47828
47836
47843
47847
47854
47863
47870
47875
47881
47885
47886
47895
47902
47912
47921
47930
47933
47935
47942
47946
47949
47956
47957
47964
47967
47976
47985
47992
47995
48002
48004
48008
48013
48022
48030
48033
48039
48041
48047
48055
48057
48065
48070
48079
48080
48085
48092
48097
48099
48105
48112
48117
48123
48130
48136
48137
48142
48152
48155
48157
48165
48173
48181
48189
48196
48200
48206
48209
48211
48219
48229
48236
48238
48244
48251
48261
48268
48270
48279
48280
48285
48293
48299
48307
48311
48317
48325
48330
48331
48337
48346
48351
48355
48357
48364
48368
48377
48378
48380
48381
48385
48389
48399
48402
48406
48414
48423
48433
48437
48445
48446
48450
48458
48460
48464
48468
48469
48474
48484
48493
48497
48506
48514
48515
48524
48529
48532
48541
48548
48553
48562
48569
48577
48583
48591
48599
48601
48607
48608
48609
48615
48624
48634
48643
48646
48655
48663
48670
48674
48680
48689
48690
48692
48693
48701
48704
48714
48718
48727
48734
48735
48743
48747
48754
48755
48764
48771
48778
48779
48789
48799
48803
48806
48815
48816
48824
48830
48836
48839
48846
48847
48857
48863
48864
48872
48877
48883
48889
48896
48897
48906
48916
48917
48921
48929
48937
48941
48947
48951
48956
48963
48968
48971
48977
48979
48985
48987
48993
48998
49007
49009
49013
49014
49020
49027
49033
49034
49044
49052
49058
49066
49076
49080
49085
49094
49098
49107
49114
49115
49123
49133
49140
49146
49152
49160
49164
49171
49172
49176
49180
49190
49200
49204
49205
49207
49209
49218
49222
49231
49240
49243
49244
49253
49257
49264
49265
49274
49280
49282
49288
49298
49305
49309
49316
49326
49331
49336
49346
49356
49364
49373
49375
49381
49384
49388
49389
49397
49403
49408
49413
49419
49423
49426
49427
49435
49443
49449
49452
49459
49466
49467
49469
49474
49476
49478
49487
49494
49500
49507
49517
49522
49529
49532
49535
49538
49540
49541
49547
49548
49557
49567
49575
49583
49592
49595
49597
49602
49606
49615
49616
49624
49633
49641
49651
49661
49662
49663
49670
49671
49680
49682
49683
49690
49691
49696
49705
49713
49717
49723
49733
49741
49750
49757
49762
49771
49778
49784
49788
49792
49794
49803
49810
49814
49824
49832
49836
49838
49846
49852
49855
49861
49862
49865
49867
49873
49874
49878
49887
49895
49901
49905
49908
49913
49923
49924
49933
49939
49943
49947
49955
49961
49962
49968
49969
49972
49981
49983
49987
49994
49998
50000
50009
50016
50017
50027
50035
50043
50046
50055
50065
50068
50072
50081
50091
50100
50107
50108
50111
50117
50125
50133
50138
50143
50146
50149
50156
50161
50167
50172
50181
50185
50190
50192
50198
50199
50207
50216
50225
50233
50238
50241
50249
50258
50260
50270
50279
50280
50283
50284
50287
50292
50300
50306
50314
50315
50323
50324
50325
50331
50336
50340
50345
50350
50351
50360
50363
50369
50370
50374
50383
50385
50390
50398
50402
50403
50408
50416
50424
50425
50435
50441
50449
50457
50463
50464
50473
50483
50487
50496
50501
50511
50512
50519
50525
50526
50535
50539
50540
50543
50546
50553
50561
50563
50568
50570
50571
50577
50580
50584
50588
50593
50601
50610
50615
50618
50625
50634
50642
50644
50652
50656
50659
50662
50663
50665
50671
50677
50684
50692
50694
50698
50707
50710
50718
50722
50729
50733
50738
50746
50752
50759
50769
50772
50781
50784
50789
50791
50798
50807
50813
50818
50823
50828
50837
50839
50841
50842
50846
50852
50861
50871
50881
50882
50892
50895
50904
50908
50909
50911
50916
50922
50927
50929
50935
50940
50947
50956
50964
50969
50979
50983
50989
50996
50999
51008
51012
51019
51026
51033
51039
51045
51053
51057
51059
51069
51078
51088
51096
51099
51102
51109
51112
51114
51120
51130
51135
51143
51152
51162
51172
51178
51181
51184
51187
51195
51197
51206
51211
51213
51214
51224
51233
51239
51247
51256
51261
51267
51273
51283
51291
51297
51304
51308
51310
51320
51325
51330
51337
51344
51346
51349
51359
51368
51370
51371
51376
51382
51386
51389
51398
51401
51402
51404
51412
51415
51423
51433
51435
51444
51445
51451
51457
51458
51459
51461
51470
51476
51485
51487
51492
51500
51506
51508
51511
51512
51514
51522
51528
51538
51540
51544
51550
51560
51564
51567
51569
51575
51585
51593
51598
51604
51609
51612
51620
51625
51631
51637
51643
51653
51662
51668
51674
51676
51683
51693
51703
51711
51714
51723
51733
51737
51739
51741
51743
51750
51759
51769
51778
51785
51787
51789
51793
51795
51797
51807
51814
51822
51825
51827
51833
51839
51848
51858
51860
51861
51866
51871
51880
51884
51891
51895
51899
51901
51903
51906
51910
51920
51924
51925
51932
51933
51940
51943
51950
51955
51959
51961
51964
51974
51978
51981
51984
51994
51997
52002
52012
52013
52020
52026
52032
52035
52038
52045
52051
52057
52058
52065
52074
52081
52090
52095
52099
52106
52113
52119
52125
52127
52137
52144
52153
52160
52169
52178
52184
52194
52197
52201
52210
52220
52224
52231
52240
52242
52243
52248
52250
52258
52266
52276
52278
52281
52291
52297
52301
52311
52312
52314
52323
52329
52337
52343
52351
52352
52361
52368
52374
52377
52380
52386
52395
52401
52408
52409
52411
52415
52422
52431
52439
52443
52448
52455
52462
52468
52476
52485
52492
52501
52506
52511
52515
52525
52531
52534
52538
52546
52554
52561
52569
52570
52578
52588
52595
52604
52605
52608
52613
52619
52628
52633
52642
52652
52660
52663
52665
52666
52676
52683
52687
52691
52698
52700
52709
52714
52723
52726
52730
52737
52745
52753
52759
52763
52766
52773
52779
52781
52788
52793
52798
52801
52805
52806
52807
52814
52824
52829
52838
52839
52842
52849
52855
52859
52863
52868
52870
52879
52881
52887
52891
52895
52899
52906
52910
52916
52920
52923
52931
52936
52946
52954
52961
52966
52971
52973
52979
52982
52983
52984
52992
52998
53004
53008
53010
53013
53019
53029
53038
53047
53054
53055
53062
53066
53070
53078
53082
53083
53088
53093
53099
53104
53109
53111
53117
53118
53126
53129
53139
53147
53156
53160
53169
53179
53189
53196
53202
53207
53214
53222
53230
53233
53235
53236
53238
53244
53250
53254
53262
53269
53278
53286
53290
53299
53304
53312
53322
53327
53328
53330
53334
53340
53348
53349
53351
53359
53367
53368
53373
53375
53385
53387
53388
53389
53396
53400
53409
53413
53414
53417
53423
53425
53431
53438
53447
53452
53454
53458
53462
53471
53478
53486
53495
53498
53507
53510
53515
53520
53527
53537
53546
53554
53555
53557
53564
53567
53574
53579
53584
53590
53593
53603
53612
53617
53619
53626
53632
53641
53651
53652
53656
53665
53671
53677
53680
53685
53688
53693
53699
53700
53704
53709
53712
53717
53719
53728
53729
53734
53736
53738
53741
53745
53752
53753
53755
53761
53771
53780
53785
53793
53797
53807
53814
53823
53829
53834
53839
53847
53857
53866
53868
53871
53874
53877
53885
53888
53896
53905
53908
53917
53921
53925
53934
53936
53937
53944
53954
53964
53974
53982
53987
53994
53996
54006
54012
54021
54031
54041
54043
54053
54061
54071
54075
54080
54086
54087
54091
54101
54106
54109
54118
54123
54131
54134
54142
54149
54152
54155
54156
54165
54175
54177
54181
54189
54193
54199
54204
54213
54219
54224
54226
54231
54234
54238
54243
54250
54254
54256
54258
54262
54268
54275
54282
54291
54293
54295
54296
54297
54301
54309
54311
54313
54316
54326
54333
54343
54348
54352
54353
54355
54363
54373
54381
54387
54389
54395
54404
54407
54408
54413
54419
54429
54430
54436
54438
54440
54441
54449
54459
54467
54473
54480
54483
54486
54496
54503
54508
54513
54518
54519
54529
54533
54540
54544
54546
54549
54555
54563
54571
54580
54589
54596
54597
54605
54615
54620
54630
54640
54645
54655
54658
54668
54677
54685
54689
54692
54701
54705
54713
54714
54723
54728
54733
54741
54745
54750
54757
54761
54763
54766
54769
54774
54775
54785
54791
54797
54801
54803
54806
54808
54816
54817
54826
54831
54835
54843
54850
54852
54862
54866
54873
54879
54880
54885
54886
54889
54893
54899
54905
54912
54919
54927
54934
54941
54942
54949