4000
3998
3994
3991
3990
3988
3987
3984
3981
3978
3977
3975
3973
3971
3967
3965
3961
3957
3954
3950
3949
3945
3944
3941
3939
3938
3935
3933
3932
3929
3925
3921
3918
3914
3911
3909
3908
3904
3900
3896
3893
3889
3885
3882
3880
3878
3877
3875
3871
3869
3868
3864
3863
3860
3858
3856
3852
3848
3846
3844
3841
3840
3836
3833
3830
3829
3826
3825
3822
3821
3820
3817
3815
3812
3810
3807
3804
3801
3799
3797
3796
3794
3790
3789
3786
3785
3784
3781
3780
3776
3775
3774
3770
3767
3763
3761
3758
3755
3752
3750
3748
3746
3742
3738
3735
3734
3731
3729
3726
3724
3721
3719
3717
3716
3715
3712
3710
3708
3706
3704
3703
3700
3697
3695
3694
3690
3686
3682
3679
3675
3674
3671
3668
3666
3665
3662
3659
3655
3651
3647
3645
3643
3639
3637
3633
3631
3629
3627
3624
3622
3621
3618
3615
3612
3609
3607
3606
3605
3601
3598
3594
3591
3587
3586
3584
3583
3579
3575
3573
3570
3567
3563
3562
3559
3558
3557
3555
3554
3550
3549
3548
3546
3543
3541
3537
3534
3531
3530
3529
3525
3521
3520
3518
3517
3513
3509
3507
3504
3502
3500
3497
3495
3494
3490
3486
3485
3483
3479
3478
3475
3471
3470
3469
3468
3466
3464
3461
3457
3455
3453
3449
3445
3441
3438
3434
3433
3432
3429
3426
3425
3424
3421
3419
3417
3414
3412
3410
3409
3406
3403
3402
3399
3395
3392
3390
3387
3383
3379
3378
3377
3373
3370
3367
3366
3362
3361
3358
3355
3352
3348
3346
3344
3341
3340
3339
3337
3334
3331
3327
3325
3321
3319
3318
3317
3315
3311
3310
3309
3306
3302
3300
3298
3297
3295
3293
3289
3285
3282
3280
3277
3275
3274
3271
3269
3267
3266
3265
3263
3260
3258
3256
3255
3253
3252
3251
3249
3245
3242
3240
3238
3237
3235
3234
3231
3229
3225
3221
3217
3216
3212
3210
3208
3206
3203
3201
3199
3195
3193
3192
3189
3187
3186
3183
3179
3176
3173
3171
3170
3166
3163
3159
3157
3153
3151
3149
3148
3147
3146
3144
3142
3141
3139
3136
3133
3130
3128
3127
3126
3123
3121
3119
3115
3112
3110
3107
3106
3102
3101
3097
3095
3094
3091
3088
3086
3084
3081
3079
3076
3073
3072
3069
3065
3063
3060
3056
3053
3051
3049
3046
3043
3042
3039
3036
3035
3031
3029
3026
3022
3020
3017
3015
3013
3010
3006
3005
3004
3002
2999
2998
2996
2992
2989
2985
2981
2979
2975
2974
2970
2969
2967
2965
2961
2960
2958
2956
2954
2950
2949
2946
2943
2940
2939
2938
2934
2933
2931
2928
2925
2922
2918
2916
2912
2911
2910
2906
2904
2901
2900
2897
2893
2892
2888
2886
2885
2882
2879
2876
2872
2869
2866
2864
2860
2859
2856
2855
2851
2850
2849
2845
2844
2841
2838
2836
2833
2829
2828
2824
2820
2817
2816
2814
2811
2808
2806
2802
2800
2797
2795
2791
2789
2788
2784
2783
2780
2777
2773
2772
2770
2768
2764
2762
2761
2760
2757
2756
2753
2750
2746
2742
2738
2734
2732
2731
2728
2727
2726
2722
2721
2717
2714
2712
2711
2709
2706
2703
2701
2697
2695
2694
2691
2687
2683
2682
2680
2679
2677
2676
2674
2670
2668
2665
2664
2663
2661
2660
2658
2657
2653
2652
2648
2647
2646
2643
2639
2637
2636
2635
2632
2630
2627
2625
2623
2619
2617
2615
2614
2611
2609
2608
2606
2605
2603
2601
2597
2595
2593
2591
2587
2586
2585
2581
2579
2576
2575
2572
2569
2568
2566
2564
2563
2559
2555
2551
2547
2543
2539
2538
2534
2531
2527
2524
2521
2517
2515
2511
2507
2505
2503
2500
2497
2494
2492
2488
2485
2482
2478
2476
2474
2471
2469
2466
2465
2463
2462
2460
2457
2456
2454
2453
2451
2449
2445
2441
2438
2435
2431
2429
2428
2425
2424
2420
2419
2417
2416
2414
2410
2409
2406
2403
2401
2400
2399
2395
2393
2389
2388
2387
2385
2382
2380
2378
2375
2373
2371
2368
2364
2363
2362
2359
2355
2351
2350
2348
2347
2345
2341
2339
2335
2334
2333
2331
2329
2328
2326
2322
2318
2316
2314
2313
2311
2308
2306
2304
2300
2296
2294
2293
2292
2290
2289
2285
2282
2281
2277
2276
2272
2269
2266
2263
2259
2255
2254
2250
2248
2244
2241
2237
2234
2230
2228
2227
2226
2223
2219
2217
2213
2212
2209
2208
2205
2203
2199
2195
2191
2188
2185
2181
2180
2179
2175
2174
2172
2168
2166
2165
2162
2159
2157
2154
2150
2148
2146
2145
2143
2142
2140
2139
2136
2133
2131
2127
2126
2125
2124
2120
2117
2113
2111
2107
2103
2099
2098
2096
2092
2090
2089
2085
2081
2080
2076
2074
2072
2068
2066
2064
2063
2060
2059
2058
2056
2053
2050
2049
2046
2043
2041
2037
2034
2033
2032
2028
2027
2023
2019
2016
2014
2011
2009
2007
2006
2005
2001
1997
1995
1992
1991
1987
1984
1981
1977
1975
1971
1969
1967
1966
1965
1961
1960
1957
1953
1951
1948
1947
1946
1945
1942
1939
1937
1935
1934
1932
1929
1928
1924
1922
1920
1919
1918
1916
1913
1910
1909
1908
1907
1904
1901
1897
1893
1889
1886
1884
1882
1878
1876
1873
1870
1867
1864
1861
1859
1857
1856
1855
1854
1851
1849
1846
1842
1839
1835
1834
1833
1832
1830
1828
1826
1825
1824
1823
1820
1817
1814
1810
1808
1807
1803
1802
1798
1796
1793
1791
1789
1788
1785
1783
1780
1779
1776
1772
1768
1766
1763
1759
1758
1754
1750
1746
1744
1742
1741
1740
1738
1736
1733
1731
1728
1725
1723
1720
1718
1715
1714
1712
1708
1706
1702
1700
1698
1696
1693
1692
1688
1687
1685
1681
1677
1673
1670
1666
1665
1664
1661
1658
1656
1653
1652
1649
1648
1644
1640
1638
1634
1630
1627
1624
1622
1621
1619
1618
1617
1615
1613
1612
1610
1607
1603
1599
1598
1597
1594
1593
1589
1587
1584
1580
1578
1574
1572
1568
1567
1565
1564
1562
1559
1556
1554
1552
1549
1548
1547