50000
49993
49991
49984
49978
49974
49971
49965
49964
49958
49951
49950
49944
49937
49930
49929
49927
49920
49919
49914
49909
49906
49903
49899
49892
49886
49879
49873
49867
49860
49858
49856
49850
49848
49845
49844
49839
49833
49832
49827
49823
49819
49814
49809
49806
49800
49797
49796
49791
49789
49787
49782
49780
49779
49774
49770
49769
49767
49762
49756
49754
49750
49745
49744
49742
49740
49733
49729
49725
49724
49720
49713
49707
49706
49703
49699
49692
49686
49685
49679
49672
49670
49667
49662
49657
49653
49649
49645
49639
49637
49634
49629
49627
49626
49621
49620
49613
49608
49604
49599
49598
49594
49593
49587
49580
49576
49571
49565
49561
49555
49554
49551
49547
49544
49539
49533
49527
49524
49518
49516
49509
49504
49499
49493
49490
49485
49483
49480
49473
49466
49460
49458
49455
49453
49449
49447
49446
49439
49438
49434
49429
49427
49424
49418
49415
49414
49408
49405
49404
49402
49398
49394
49388
49384
49380
49374
49367
49362
49355
49352
49348
49346
49342
49339
49332
49329
49327
49325
49322
49317
49312
49310
49308
49306
49303
49298
49293
49286
49284
49278
49272
49271
49268
49263
49258
49257
49255
49249
49247
49242
49236
49231
49226
49224
49217
49210
49203
49200
49197
49196
49194
49192
49191
49190
49189
49182
49175
49168
49167
49160
49159
49157
49152
49145
49141
49138
49132
49128
49124
49117
49116
49112
49106
49100
49095
49094
49093
49088
49084
49083
49082
49081
49080
49076
49074
49071
49066
49061
49056
49053
49052
49047
49045
49040
49034
49027
49023
49017
49011
49006
49002
48997
48994
48990
48989
48988
48986
48985
48984
48980
48973
48972
48968
48965
48962
48955
48953
48948
48944
48939
48937
48935
48934
48929
48927
48926
48923
48919
48914
48910
48906
48901
48898
48894
48890
48887
48885
48880
48878
48873
48870
48864
48860
48858
48851
48846
48839
48834
48828
48824
48819
48813
48808
48805
48798
48792
48785
48780
48778
48777
48770
48766
48765
48760
48758
48753
48747
48742
48736
48729
48722
48719
48718
48717
48710
48705
48700
48699
48694
48687
48681
48678
48677
48674
48671
48665
48660
48654
48653
48648
48641
48639
48636
48635
48629
48626
48625
48619
48617
48615
48613
48606
48605
48604
48600
48594
48593
48587
48580
48576
48570
48564
48560
48558
48556
48551
48549
48548
48547
48541
48536
48533
48527
48520
48513
48507
48502
48500
48498
48492
48487
48480
48479
48475
48468
48464
48457
48453
48448
48443
48441
48436
48433
48427
48420
48416
48415
48410
48406
48405
48403
48402
48401
48394
48392
48391
48384
48382
48378
48375
48370
48369
48364
48363
48362
48358
48351
48345
48339
48332
48325
48324
48317
48311
48304
48300
48295
48293
48290
48287
48283
48280
48275
48274
48271
48264
48257
48252
48250
48245
48239
48232
48231
48227
48221
48215
48208
48207
48204
48203
48201
48195
48190
48185
48183
48176
48172
48167
48163
48160
48155
48152
48147
48143
48140
48139
48135
48134
48127
48125
48123
48121
48116
48110
48108
48107
48105
48101
48099
48095
48088
48087
48080
48075
48073
48070
48064
48063
48062
48060
48058
48051
48048
48047
48043
48038
48032
48025
48021
48017
48013
48008
48007
48006
48002
47997
47991
47987
47980
47973
47968
47961
47958
47952
47951
47946
47945
47939
47933
47932
47927
47924
47920
47917
47915
47914
47912
47907
47903
47898
47891
47890
47883
47880
47879
47876
47870
47868
47862
47856
47853
47847
47846
47844
47843
47841
47838
47834
47829
47824
47821
47817
47810
47809
47806
47801
47796
47793
47787
47786
47784
47783
47779
47772
47768
47765
47762
47761
47756
47750
47743
47742
47738
47737
47736
47733
47731
47730
47729
47727
47726
47719
47717
47716
47710
47705
47700
47697
47691
47684
47681
47677
47671
47669
47667
47665
47664
47657
47654
47649
47647
47643
47641
47635
47633
47628
47624
47622
47615
47612
47611
47609
47605
47603
47599
47593
47592
47585
47583
47576
47571
47565
47559
47553
47551
47546
47539
47533
47526
47525
47522
47518
47512
47508
47504
47500
47499
47493
47490
47487
47481
47478
47474
47471
47467
47466
47462
47460
47458
47455
47453
47452
47451
47448
47444
47437
47436
47429
47427
47424
47417
47410
47405
47399
47397
47393
47392
47390
47387
47380
47377
47370
47366
47364
47362
47355
47354
47350
47349
47344
47338
47337
47334
47329
47327
47320
47318
47312
47305
47302
47296
47295
47293
47286
47282
47279
47275
47273
47271
47265
47262
47258
47254
47247
47243
47240
47234
47233
47231
47229
47223
47217
47210
47205
47200
47198
47193
47191
47188
47187
47181
47175
47168
47164
47159
47155
47149
47145
47138
47136
47130
47124
47117
47114
47108
47107
47101
47096
47090
47086
47085
47082
47080
47073
47067
47062
47059
47053
47050
47049
47042
47039
47033
47030
47025
47019
47018
47014
47010
47005
47003
46996
46995
46988
46981
46977
46970
46965
46962
46958
46951
46949
46943
46941
46940
46939
46934
46933
46930
46926
46923
46920
46916
46913
46907
46900
46897
46890
46889
46884
46882
46880
46879
46872
46867
46862
46856
46852
46851
46844
46838
46837
46836
46832
46826
46823
46819
46814
46811
46807
46801
46799
46792
46790
46789
46786
46782
46780
46778
46776
46771
46764
46758
46755
46750
46743
46740
46737
46732
46727
46726
46725
46720
46716
46710
46709
46704
46703
46696
46694
46687
46682
46675
46668
46667
46663
46656
46654
46653
46652
46649
46645
46642
46638
46634
46633
46628
46626
46621
46618
46612
46609
46606
46602
46601
46594
46588
46581
46576
46574
46573
46569
46563
46561
46557
46555
46553
46552
46549
46544
46539
46537
46535
46530
46523
46517
46512
46508
46504
46500
46497
46491
46485
46483
46478
46474
46472
46466
46464
46457
46451
46444
46443
46441
46437
46436
46434
46428
46427
46424
46423
46422
46420
46416
46413
46409
46407
46406
46403
46400
46397
46394
46392
46385
46381
46377
46374
46369
46363
46359
46354
46347
46346
46341
46336
46332
46325
46321
46319
46316
46315
46308
46307
46302
46298
46291
46287
46282
46280
46279
46278
46272
46270
46263
46258
46252
46250
46248
46245
46242
46238
46231
46224
46221
46215
46213
46208
46205
46202
46198
46194
46190
46184
46178
46172
46170
46163
46162
46156
46150
46145
46141
46138
46136
46135
46134
46128
46126
46124
46120
46119
46116
46110
46103
46101
46095
46091
46087
46085
46083
46076
46071
46068
46065
46061
46060
46054
46047
46041
46035
46028
46026
46023
46019
46018
46014
46011
46009
46008
46007
46004
46003
45999
45995
45990
45987
45985
45978
45974
45970
45969
45964
45959
45957
45954
45952
45948
45944
45939
45935
45932
45925
45918
45914
45912
45906
45899
45897
45892
45887
45881
45879
45875
45873
45866
45865
45864
45860
45853
45847
45843
45840
45837
45830
45826
45822
45816
45813
45810
45804
45799
45795
45794
45793
45787
45780
45776
45770
45766
45762
45756
45755
45752
45750
45749
45745
45739
45734
45728
45722
45719
45713
45711
45709
45707
45706
45701
45695
45689
45682
45680
45677
45673
45667
45661
45654
45650
45645
45638
45637
45631
45624
45617
45610
45603
45598
45594
45589
45587
45583
45580
45575
45570
45563
45559
45552
45547
45546
45539
45534
45532
45525
45518
45512
45507
45502
45496
45493
45492
45485
45481
45480
45475
45469
45464
45462
45458
45457
45452
45451
45446
45441
45435
45430
45425
45421
45414
45408
45404
45403
45396
45391
45384
45381
45379
45372
45366
45359
45356
45353
45346
45342
45340
45336
45330
45328
45323
45316
45310
45305
45299
45293
45289
45283
45279
45273
45267
45264
45260
45254
45253
45248
45243
45238
45231
45225
45219
45214
45210
45207
45204
45197
45192
45187
45182
45181
45179
45177
45170
45167
45161
45156
45154
45147
45140
45137
45135
45129
45124
45120
45117
45112
45108
45101
45094
45087
45083
45081
45075
45074
45069
45063
45058
45054
45050
45043
45038
45037
45031
45025
45019
45015
45010
45006
45002
44999
44994
44989
44985
44978
44972
44967
44963
44956
44953
44949
44946
44945
44938
44935
44931
44926
44922
44915
44911
44907
44906
44904
44897
44893
44890
44883
44882
44880
44876
44873
44867
44862
44855
44851
44844
44842
44838
44834
44833
44830
44829
44823
44818
44817
44814
44811
44808
44803
44800
44797
44792
44788
44781
44780
44773
44767
44764
44762
44761
44754
44751
44745
44743
44740
44736
44730
44726
44721
44715
44711
44708
44702
44697
44692
44689
44682
44676
44675
44672
44667
44664
44660
44655
44654
44647
44646
44642
44639
44637
44632
44628
44624
44621
44620
44617
44616
44612
44607
44605
44604
44598
44595
44591
44588
44581
44580
44574
44571
44568
44563
44556
44553
44548
44544
44539
44536
44529
44523
44522
44515
44512
44508
44504
44498
44494
44487
44485
44480
44474
44470
44469
44463
44456
44452
44450
44447
44443
44439
44432
44430
44426
44423
44421
44415
44414
44413
44410
44407
44405
44401
44399
44397
44391
44386
44379
44378
44377
44376
44372
44365
44358
44356
44354
44350
44346
44345
44339
44332
44329
44327
44321
44318
44313
44309
44302
44301
44297
44296
44295
44292
44289
44285
44278
44275
44271
44269
44263
44260
44258
44257
44251
44250
44246
44243
44241
44239
44233
44229
44222
44215
44213
44210
44204
44203
44202
44195
44194
44187
44182
44175
44174
44168
44164
44163
44161
44159
44154
44149
44147
44143
44140
44136
44130
44126
44125
44123
44122
44120
44117
44111
44109
44102
44100
44094
44088
44085
44084
44077
44074
44071
44068
44065
44062
44056
44054
44053
44046
44043
44038
44037
44031
44027
44023
44016
44013
44009
44005
44004
43999
43993
43990
43983
43981
43976
43975
43969
43966
43961
43956
43955
43949
43946
43939
43936
43932
43928
43923
43919
43915
43914
43911
43904
43901
43896
43894
43891
43886
43880
43879
43872
43866
43861
43857
43856
43849
43847
43840
43835
43833
43827
43822
43818
43813
43806
43805
43799
43797
43792
43788
43783
43781
43775
43772
43767
43766
43763
43759
43756
43752
43751
43749
43742
43736
43734
43727
43720
43718
43712
43706
43700
43698
43691
43685
43680
43674
43668
43663
43660
43653
43651
43649
43642
43640
43636
43631
43624
43620
43619
43618
43611
43609
43607
43606
43600
43593
43590
43587
43585
43584
43578
43574
43572
43566
43562
43555
43553
43546
43539
43537
43532
43528
43525
43523
43522
43518
43511
43506
43505
43504
43498
43496
43493
43492
43489
43482
43476
43475
43472
43469
43464
43458
43453
43450
43449
43445
43442
43440
43435
43431
43426
43423
43421
43420
43417
43415
43408
43404
43401
43396
43394
43387
43380
43379
43377
43373
43368
43366
43359
43352
43345
43342
43336
43329
43323
43320
43318
43316
43311
43308
43304
43300
43293
43289
43286
43284
43279
43275
43269
43263
43257
43255
43251
43250
43244
43240
43235
43233
43230
43229
43224
43221
43214
43208
43206
43199
43197
43193
43188
43181
43176
43173
43166
43162
43159
43155
43149
43146
43145
43138
43136
43134
43129
43127
43125
43122
43118
43111
43107
43102
43099
43097
43090
43084
43082
43077
43075
43072
43066
43065
43064
43062
43055
43052
43049
43044
43040
43034
43031
43026
43024
43023
43019
43016
43012
43008
43006
43004
43002
42997
42994
42990
42983
42977
42972
42965
42959
42955
42948
42944
42938
42936
42935
42928
42927
42926
42920
42919
42916
42913
42909
42906
42904
42900
42894
42890
42889
42885
42881
42879
42874
42871
42866
42859
42856
42852
42846
42839
42837
42831
42824
42817
42815
42812
42809
42804
42803
42802
42799
42794
42789
42784
42782
42781
42775
42774
42770
42766
42765
42760
42754
42751
42747
42742
42741
42734
42731
42726
42719
42716
42710
42707
42700
42695
42690
42687
42683
42676
42671
42670
42669
42668
42665
42661
42658
42654
42649
42646
42643
42639
42635
42632
42628
42624
42622
42621
42614
42612
42611
42610
42604
42597
42590
42589
42587
42582
42577
42571
42564
42563
42560
42557
42552
42546
42545
42540
42539
42532
42525
42523
42518
42511
42507
42504
42499
42498
42497
42494
42488
42486
42479
42473
42471
42465
42461
42456
42452
42446
42440
42433
42428
42425
42418
42417
42410
42405
42398
42396
42390
42386
42383
42378
42371
42370
42366
42365
42361
42359
42358
42356
42351
42345
42342
42335
42332
42325
42320
42314
42308
42303
42301
42300
42298
42295
42294
42292
42288
42287
42282
42277
42273
42271
42268
42261
42259
42257
42250
42248
42243
42239
42236
42234
42229
42226
42219
42214
42208
42201
42200
42197
42192
42189
42183
42178
42175
42169
42166
42164
42157
42153
42149
42147
42142
42137
42135
42132
42131
42126
42122
42119
42117
42114
42110
42109
42104
42099
42095
42094
42087
42081
42080
42077
42071
42068
42063
42057
42052
42051
42046
42042
42035
42029
42023
42020
42014
42011
42005
41999
41998
41994
41989
41987
41982
41979
41978
41972
41965
41961
41960
41957
41953
41947
41940
41935
41928
41927
41923
41920
41916
41912
41908
41901
41897
41896
41892
41887
41884
41879
41876
41875
41869
41864
41859
41856
41855
41852
41848
41842
41841
41834
41829
41823
41821
41815
41810
41809
41808
41804
41801
41796
41794
41787
41783
41781
41777
41773
41768
41764
41760
41755
41748
41747
41742
41738
41735
41729
41727
41724
41722
41719
41718
41711
41708
41703
41698
41696
41694
41689
41683
41676
41674
41673
41672
41671
41668
41665
41660
41654
41649
41647
41642
41635
41631
41624
41618
41611
41609
41608
41605
41599
41592
41591
41587
41580
41574
41567
41566
41562
41555
41552
41547
41542
41536
41534
41533
41527
41521
41514
41513
41506
41499
41494
41488
41485
41483
41478
41474
41469
41465
41463
41460
41456
41449
41442
41437
41436
41432
41430
41429
41428
41424
41421
41418
41412
41410
41405
41401
41394
41393
41389
41387
41385
41383
41382
41380
41378
41374
41373
41366
41360
41353
41348
41343
41340
41337
41331
41329
41324
41323
41318
41315
41312
41309
41306
41305
41298
41295
41293
41291
41290
41289
41287
41284
41277
41276
41272
41267
41262
41257
41254
41253
41250
41243
41239
41237
41233
41232
41227
41222
41219
41214
41207
41201
41198
41193
41186
41185
41180
41175
41174
41173
41167
41163
41158
41157
41150
41143
41142
41136
41131
41127
41122
41115
41109
41104
41099
41094
41089
41085
41080
41078
41071
41070
41069
41063
41062
41056
41049
41042
41038
41033
41031
41025
41018
41013
41010
41007
41005
41001
41000
40995
40988
40983
40981
40979
40972
40965
40963
40961
40957
40952
40949
40942
40941
40937
40930
40924
40918
40914
40910
40905
40902
40897
40895
40892
40887
40885
40879
40876
40874
40873
40870
40863
40862
40860
40859
40853
40847
40840
40835
40832
40831
40828
40826
40819
40815
40812
40808
40805
40802
40798
40792
40787
40784
40777
40772
40771
40768
40761
40756
40752
40749
40747
40744
40737
40734
40732
40728
40726
40721
40719
40715
40711
40704
40698
40695
40691
40686
40684
40680
40676
40671
40665
40663
40657
40656
40650
40645
40641
40638
40631
40628
40626
40620
40616
40612
40609
40602
40596
40591
40589
40582
40581
40579
40574
40570
40568
40563
40561
40560
40556
40553
40549
40543
40541
40535
40531
40524
40519
40514
40508
40507
40506
40500
40494
40491
40487
40480
40477
40473
40469
40464
40458
40453
40451
40448
40446
40440
40438
40435
40428
40426
40424
40417
40414
40410
40407
40400
40398
40395
40390
40386
40380
40379
40378
40375
40370
40364
40361
40355
40351
40345
40338
40336
40330
40329
40325
40319
40313
40312
40310
40305
40302
40297
40294
40291
40289
40287
40284
40283
40282
40280
40277
40274
40272
40265
40259
40253
40248
40242
40235
40230
40224
40222
40216
40214
40211
40207
40200
40196
40190
40183
40181
40176
40173
40168
40161
40155
40148
40146
40139
40137
40133
40129
40128
40123
40118
40113
40110
40103
40101
40099
40095
40088
40085
40078
40072
40069
40063
40058
40055
40049
40045
40039
40032
40026
40024
40019
40017
40015
40013
40007
40002
39995
39990
39984
39979
39974
39969
39968
39966
39962
39959
39955
39952
39945
39942
39940
39938
39931
39924
39921
39919
39912
39910
39908
39904
39902
39898
39892
39886
39879
39873
39867
39864
39859
39856
39855
39849
39848
39843
39842
39839
39837
39833
39831
39830
39829
39825
39822
39821
39820
39813
39811
39809
39802
39796
39795
39794
39792
39788
39787
39786
39784
39781
39775
39772
39766
39760
39759
39753
39752
39745
39744
39739
39732
39725
39724
39720
39713
39709
39707
39701
39696
39693
39689
39685
39684
39678
39675
39672
39671
39668
39666
39659
39658
39655
39652
39648
39642
39636
39632
39628
39625
39620
39618
39613
39608
39606
39603
39601
39600
39596
39595
39589
39582
39578
39576
39575
39570
39565
39559
39556
39553
39549
39548
39545
39544
39541
39536
39534
39532
39525
39518
39516
39513
39511
39506
39502
39495
39489
39484
39483
39477
39472
39471
39464
39461
39455
39451
39445
39438
39434
39430
39427
39424
39419
39416
39413
39410
39407
39403
39402
39399
39398
39396
39391
39385
39380
39378
39371
39370
39367
39365
39360
39353
39346
39339
39333
39328
39327
39322
39317
39315
39313
39312
39307
39304
39302
39296
39289
39285
39278
39272
39266
39265
39261
39258
39255
39254
39249
39245
39243
39238
39236
39234
39227
39221
39218
39213
39208
39206
39201
39198
39192
39185
39184
39183
39177
39170
39165
39160
39155
39152
39151
39149
39142
39136
39135
39132
39130
39123
39120
39113
39107
39101
39094
39092
39088
39085
39080
39078
39076
39069
39063
39059
39053
39048
39046
39040
39036
39031
39024
39023
39022
39016
39009
39008
39004
39002
38995
38991
38984
38978
38974
38969
38967
38962
38959
38956
38949
38948
38942
38939
38937
38935
38933
38929
38928
38925
38922
38919
38914
38907
38902
38900
38894
38893
38890
38887
38881
38874
38870
38863
38856
38849
38845
38841
38835
38828
38821
38816
38809
38804
38802
38795
38789
38783
38776
38771
38768
38761
38756
38754
38753
38750
38746
38742
38736
38731
38728
38726
38719
38714
38708
38705
38704
38701
38698
38696
38691
38690
38685
38682
38678
38672
38667
38662
38657
38655
38652
38651
38647
38643
38637
38632
38626
38622
38615
38610
38603
38602
38598
38597
38593
38592
38585
38578
38575
38572
38570
38567
38562
38556
38552
38548
38543
38540
38538
38537
38532
38528
38526
38521
38518
38512
38508
38505
38502
38495
38492
38487
38483
38477
38473
38469
38468
38461
38460
38456
38451
38449
38443
38440
38433
38429
38428
38421
38415
38414
38407
38402
38398
38397
38393
38387
38386
38383
38379
38376
38374
38371
38369
38368
38363
38360
38359
38352
38345
38338
38337
38330
38329
38326
38325
38323
38317
38314
38309
38303
38302
38295
38292
38288
38286
38285
38282
38275
38273
38268
38262
38257
38251
38246
38241
38239
38238
38234
38228
38227
38222
38219
38213
38208
38204
38203
38198
38193
38188
38185
38182
38181
38179
38175
38172
38169
38165
38163
38160
38156
38155
38150
38146
38140
38139
38138
38134
38132
38131
38126
38121
38114
38108
38105
38098
38096
38095
38091
38089
38086
38085
38078
38071
38069
38062
38056
38052
38049
38048
38046
38045
38044
38042
38039
38035
38029
38023
38019
38017
38016
38010
38005
38002
38001
37995
37994
37993
37988
37982
37978
37977
37970
37963
37961
37960
37956
37955
37949
37947
37943
37942
37941
37938
37932
37928
37921
37919
37917
37910
37909
37905
37904
37898
37897
37891
37890
37883
37878
37872
37868
37867
37866
37859
37856
37849
37845
37838
37835
37832
37829
37822
37818
37813
37808
37803
37796
37791
37784
37779
37772
37770
37768
37765
37763
37759
37755
37751
37745
37739
37733
37729
37722
37719
37718
37717
37713
37710
37709
37708
37703
37699
37696
37689
37687
37685
37678
37677
37672
37670
37668
37667
37665
37662
37655
37652
37650
37648
37641
37634
37632
37631
37627
37623
37616
37613
37607
37600
37595
37588
37584
37581
37576
37573
37571
37566
37563
37561
37554
37552
37548
37541
37538
37537
37535
37531
37524
37522
37516
37509
37508
37504
37501
37497
37492
37490
37489
37488
37482
37480
37475
37469
37463
37461
37457
37452
37448
37441
37435
37432
37427
37426
37419
37414
37412
37406
37400
37399
37397
37393
37392
37388
37384
37378
37376
37375
37370
37364
37363
37361
37357
37355
37352
37345
37338
37335
37332
37331
37326
37325
37320
37317
37316
37315
37308
37304
37298
37291
37285
37278
37272
37266
37265
37260
37257
37252
37248
37246
37244
37243
37242
37241
37234
37227
37221
37219
37214
37208
37203
37202
37199
37192
37190
37188
37184
37183
37180
37176
37170
37168
37163
37156
37152
37149
37143
37140
37138
37133
37132
37127
37123
37121
37118
37112
37111
37109
37105
37102
37096
37091
37088
37087
37085
37083
37079
37076
37071
37064
37062
37058
37052
37046
37042
37037
37034
37030
37023
37020
37017
37014
37007
37004
36999
36997
36994
36993
36992
36986
36982
36978
36977
36974
36972
36965
36958
36953
36951
36946
36940
36937
36931
36928
36924
36917
36911
36910
36907
36904
36897
36890
36887
36885
36881
36875
36869
36865
36862
36859
36855
36852
36850
36845
36841
36836
36830
36823
36822
36821
36816
36810
36806
36802
36799
36797
36796
36794
36787
36780
36775
36768
36762
36758
36755
36750
36747
36741
36740
36738
36737
36734
36733
36729
36723
36720
36718
36711
36707
36703
36698
36697
36693
36691
36688
36682
36681
36675
36674
36670
36664
36660
36659
36655
36649
36644
36642
36635
36630
36629
36622
36618
36617
36610
36606
36599
36597
36591
36588
36581
36578
36577
36575
36574
36568
36561
36560
36555
36551
36549
36542
36537
36532
36525
36524
36517
36513
36506
36503
36502
36499
36498
36495
36493
36491
36487
36482
36477
36475
36468
36462
36457
36452
36446
36442
36440
36439
36435
36430
36424
36418
36416
36413
36412
36406
36399
36395
36390
36384
36383
36381
36377
36375
36370
36364
36359
36355
36348
36346
36344
36340
36338
36336
36330
36326
36324
36321
36319
36317
36314
36310
36307
36301
36296
36289
36285
36284
36277
36271
36264
36260
36258
36255
36249
36243
36240
36237
36235
36234
36228
36227
36220
36217
36211
36204
36202
36196
36192
36191
36184
36180
36177
36172
36166
36165
36161
36160
36153
36151
36146
36139
36138
36136
36133
36128
36127
36125
36119
36113
36106
36102
36097
36096
36090
36089
36085
36083
36082
36076
36069
36063
36058
36055
36053
36046
36044
36042
36036
36030
36028
36021
36019
36015
36010
36006
35999
35995
35993
35987
35982
35975
35974
35967
35966
35963
35958
35955
35948
35943
35941
35937
35932
35931
35929
35923
35921
35917
35913
35910
35903
35900
35898
35894
35889
35887
35880
35877
35875
35870
35865
35862
35857
35853
35846
35845
35838
35833
35827
35820
35818
35812
35805
35801
35799
35796
35789
35787
35784
35778
35777
35772
35769
35764
35761
35755
35754
35747
35742
35741
35734
35728
35725
35721
35720
35719
35713
35708
35706
35699
35694
35690
35688
35683
35678
35672
35667
35660
35653
35650
35648
35646
35642
35635
35632
35629
35627
35621
35615
35611
35605
35598
35593
35586
35582
35575
35568
35562
35561
35559
35557
35556
35552
35551
35548
35541
35539
35536
35533
35527
35524
35518
35512
35510
35504
35499
35498
35495
35491
35489
35485
35479
35474
35467
35463
35460
35455
35451
35446
35444
35441
35435
35433
35429
35425
35420
35415
35410
35408
35402
35398
35391
35384
35381
35379
35375
35372
35365
35364
35362
35360
35356
35355
35348
35347
35340
35336
35334
35332
35329
35325
35324
35321
35316
35311
35305
35301
35299
35293
35286
35279
35274
35273
35271
35270
35263
35261
35257
35255
35251
35245
35244
35239
35233
35226
35225
35223
35219
35214
35212
35209
35206
35202
35196
35192
35190
35189
35185
35179
35175
35170
35168
35165
35163
35158
35156
35149
35146
35140
35135
35130
35124
35123
35120
35117
35116
35111
35109
35103
35096
35092
35088
35086
35079
35078
35071
35068
35065
35061
35057
35050
35046
35039
35033
35030
35028
35024
35020
35017
35010
35004
34998
34997
34990
34987
34982
34976
34973
34968
34964
34958
34954
34948
34944
34937
34933
34930
34923
34920
34917
34911
34904
34898
34892
34888
34883
34881
34875
34872
34866
34863
34856
34849
34845
34839
34832
34829
34827
34823
34817
34816
34812
34805
34803
34797
34792
34790
34788
34784
34777
34771
34767
34760
34753
34752
34751
34744
34739
34737
34735
34728
34722
34721
34716
34713
34711
34709
34705
34699
34697
34695
34688
34682
34675
34670
34666
34660
34656
34653
34652
34646
34644
34638
34636
34634
34632
34627
34625
34618
34616
34614
34613
34612
34611
34607
34604
34598
34591
34587
34583
34582
34576
34571
34570
34564
34563
34560
34558
34556
34554
34548
34544
34540
34535
34531
34525
34523
34521
34517
34512
34509
34502
34498
34495
34489
34483
34477
34475
34468
34466
34461
34454
34449
34443
34440
34434
34429
34423
34419
34416
34410
34405
34403
34401
34397
34395
34389
34387
34384
34377
34372
34368
34361
34357
34353
34346
34341
34340
34334
34333
34327
34326
34323
34316
34312
34309
34307
34300
34296
34290
34285
34283
34278
34275
34273
34270
34269
34267
34262
34261
34259
34257
34251
34249
34248
34243
34241
34235
34229
34226
34223
34221
34220
34219
34212
34207
34201
34197
34192
34185
34182
34178
34172
34169
34168
34162
34158
34157
34153
34148
34147
34146
34145
34140
34137
34134
34127
34122
34118
34116
34111
34108
34102
34095
34090
34083
34077
34073
34071
34068
34067
34066
34063
34057
34050
34045
34038
34034
34032
34025
34019
34016
34011
34007
34002
33998
33994
33989
33983
33976
33971
33967
33965
33958
33956
33952
33949
33944
33938
33931
33928
33927
33921
33918
33916
33914
33910
33907
33900
33897
33891
33886
33885
33882
33875
33870
33867
33864
33860
33855
33853
33848
33847
33842
33840
33835
33829
33825
33818
33816
33812
33809
33802
33796
33795
33790
33787
33781
33780
33774
33767
33760
33758
33752
33748
33745
33740
33733
33730
33726
33720
33718
33713
33712
33709
33704
33698
33697
33690
33687
33680
33677
33674
33668
33662
33656
33649
33645
33642
33640
33635
33628
33627
33620
33619
33617
33616
33612
33611
33607
33604
33601
33596
33591
33586
33583
33577
33572
33565
33560
33559
33558
33554
33552
33546
33539
33537
33536
33532
33530
33527
33524
33523
33520
33514
33507
33500
33498
33497
33493
33488
33485
33478
33474
33470
33465
33461
33460
33455
33449
33442
33438
33434
33431
33428
33422
33419
33416
33415
33412
33407
33400
33398
33391
33386
33382
33381
33380
33373
33370
33365
33360
33356
33354
33348
33344
33342
33337
33330
33325
33318
33313
33309
33302
33300
33294
33287
33280
33274
33269
33266
33262
33257
33252
33249
33242
33239
33237
33231
33224
33218
33211
33207
33202
33201
33197
33190
33184
33182
33175
33174
33172
33168
33165
33164
33157
33154
33153
33151
33146
33143
33139
33138
33137
33132
33131
33124
33121
33117
33110
33104
33101
33099
33096
33089
33084
33083
33078
33072
33070
33069
33063
33057
33054
33049
33044
33039
33037
33031
33030
33029
33028
33025
33021
33018
33015
33011
33005
33000
32998
32995
32994
32989
32987
32986
32981
32980
32973
32967
32961
32959
32957
32956
32955
32949
32945
32939
32938
32937
32933
32931
32925
32920
32917
32914
32908
32903
32897
32896
32889
32883
32880
32877
32870
32867
32863
32857
32850
32846
32842
32835
32832
32831
32828
32823
32820
32816
32812
32811
32805
32801
32797
32792
32791
32789
32784
32779
32778
32774
32769
32764
32760
32756
32751
32747
32746
32741
32734
32729
32724
32717
32712
32709
32706
32701
32698
32692
32691
32688
32685
32679
32677
32676
32671
32666
32663
32660
32658
32654
32650
32645
32640
32637
32632
32626
32622
32621
32616
32614
32608
32605
32604
32603
32601
32595
32588
32582
32579
32573
32569
32566
32559
32554
32548
32545
32544
32538
32531
32528
32521
32516
32512
32507
32500
32499
32494
32488
32482
32481
32475
32468
32462
32461
32456
32450
32445
32440
32434
32429
32425
32423
32418
32413
32407
32406
32403
32398
32397
32392
32391
32387
32384
32377
32374
32368
32364
32360
32359
32354
32350
32348
32346
32343
32341
32335
32334
32331
32329
32324
32321
32315
32314
32310
32307
32301
32296
32292
32290
32288
32281
32279
32276
32274
32270
32265
32262
32255
32252
32251
32249
32242
32241
32237
32233
32231
32226
32221
32217
32212
32210
32208
32203
32196
32192
32190
32189
32184
32177
32170
32163
32159
32158
32156
32151
32146
32139
32132
32130
32124
32121
32118
32112
32111
32107
32102
32096
32091
32085
32079
32072
32069
32063
32058
32056
32054
32048
32041
32037
32035
32030
32023
32022
32016
32012
32007
32005
32004
31998
31995
31991
31988
31987
31980
31975
31974
31972
31970
31965
31960
31958
31951
31950
31943
31940
31933
31930
31927
31921
31917
31914
31910
31909
31906
31902
31901
31900
31894
31891
31890
31886
31885
31884
31878
31875
31868
31865
31860
31859
31854
31850
31845
31840
31838
31831
31830
31827
31823
31816
31809
31805
31801
31797
31790
31787
31785
31784
31777
31771
31768
31766
31759
31756
31754
31749
31747
31743
31738
31737
31736
31731
31727
31724
31717
31712
31707
31704
31699
31697
31695
31694
31689
31683
31682
31681
31676
31674
31671
31666
31660
31657
31653
31651
31646
31640
31636
31630
31627
31623
31622
31621
31618
31616
31615
31611
31609
31603
31597
31590
31583
31581
31580
31576
31570
31565
31558
31555
31552
31549
31544
31539
31536
31534
31528
31521
31516
31513
31512
31511
31507
31500
31495
31493
31491
31484
31478
31475
31474
31471
31469
31467
31462
31456
31449
31445
31442
31435
31428
31425
31420
31414
31408
31402
31399
31393
31391
31384
31382
31378
31373
31366
31362
31357
31350
31348
31342
31339
31335
31330
31325
31321
31320
31315
31311
31305
31301
31298
31292
31285
31280
31276
31271
31268
31266
31260
31254
31249
31248
31245
31243
31238
31231
31225
31223
31220
31213
31211
31210
31204
31201
31195
31189
31186
31184
31178
31172
31169
31164
31163
31160
31156
31151
31148
31146
31140
31134
31132
31125
31121
31118
31111
31107
31103
31099
31092
31085
31084
31080
31075
31069
31064
31060
31056
31049
31044
31042
31038
31036
31034
31028
31025
31018
31011
31009
31003
30998
30997
30991
30989
30988
30983
30982
30979
30978
30973
30972
30970
30966
30963
30962
30959
30958
30955
30950
30949
30946
30943
30942
30938
30934
30933
30930
30929
30927
30926
30925
30918
30911
30909
30907
30901
30897
30896
30889
30882
30876
30873
30866
30862
30858
30855
30851
30848
30841
30837
30832
30825
30821
30819
30813
30811
30804
30801
30797
30795
30788
30785
30782
30781
30780
30776
30770
30765
30764
30763
30756
30753
30750
30745
30741
30734
30730
30723
30716
30709
30704
30700
30698
30695
30694
30690
30687
30683
30676
30671
30669
30662
30657
30651
30649
30642
30639
30635
30632
30627
30625
30618
30615
30613
30607
30606
30600
30598
30591
30584
30583
30577
30576
30575
30570
30569
30568
30563
30557
30552
30546
30539
30538
30535
30532
30526
30522
30516
30510
30505
30503
30497
30495
30490
30489
30485
30484
30482
30480
30473
30472
30468
30461
30457
30453
30448
30447
30442
30439
30438
30433
30426
30419
30414
30411
30409
30406
30404
30398
30395
30394
30389
30383
30378
30372
30369
30366
30360
30355
30348
30344
30341
30337
30332
30331
30327
30321
30314
30312
30305
30303
30298
30292
30291
30287
30281
30279
30274
30271
30264
30260
30254
30248
30246
30241
30236
30232
30226
30220
30217
30212
30211
30210
30205
30201
30199
30196
30193
30186
30181
30174
30170
30163
30159
30154
30152
30151
30145
30142
30139
30137
30131
30126
30122
30117
30116
30115
30109
30104
30097
30093
30091
30085
30084
30080
30074
30070
30065
30059
30057
30055
30054
30047
30040
30034
30030
30024
30019
30015
30008
30004
29997
29992
29990
29984
29979
29973
29969
29963
29960
29955
29952
29946
29940
29933
29931
29926
29923
29917
29913
29911
29906
29901
29898
29892
29885
29881
29880
29876
29871
29870
29865
29859
29854
29849
29844
29838
29832
29831
29827
29822
29821
29817
29814
29809
29806
29799
29798
29797
29791
29790
29786
29780
29776
29771
29764
29762
29756
29754
29753
29751
29748
29742
29735
29730
29726
29721
29716
29709
29707
29701
29695
29689
29685
29680
29678
29675
29672
29668
29664
29660
29656
29655
29651
29645
29639
29632
29625
29622
29615
29613
29606
29599
29592
29585
29579
29576
29572
29567
29564
29557
29553
29549
29545
29538
29532
29529
29525
29523
29520
29519
29514
29511
29509
29503
29497
29494
29488
29481
29475
29474
29467
29466
29460
29458
29454
29450
29449
29443
29439
29436
29432
29427
29425
29420
29414
29413
29412
29405
29399
29393
29391
29390
29388
29387
29380
29378
29374
29369
29367
29366
29362
29361
29360
29353
29346
29342
29341
29337
29331
29330
29326
29321
29318
29311
29308
29301
29300
29296
29293
29289
29285
29283
29276
29269
29266
29259
29257
29250
29249
29247
29246
29239
29238
29232
29229
29227
29224
29222
29218
29216
29209
29204
29203
29202
29197
29194
29190
29189
29182
29179
29177
29173
29166
29162
29156
29154
29153
29151
29146
29140
29135
29132
29131
29130
29129
29128
29124
29121
29117
29110
29104
29100
29098
29096
29095
29090
29084
29080
29074
29070
29066
29060
29058
29053
29052
29045
29041
29040
29037
29030
29023
29017
29012
29008
29006
29003
28998
28995
28992
28990
28983
28980
28974
28969
28967
28964
28961
28956
28952
28945
28941
28940
28938
28933
28928
28922
28919
28917
28916
28909
28907
28900
28897
28894
28890
28885
28878
28872
28866
28860
28859
28853
28846
28844
28842
28837
28831
28825
28821
28820
28818
28813
28811
28809
28803
28799
28797
28790
28788
28786
28781
28778
28771
28766
28763
28759
28756
28755
28751
28744
28741
28735
28730
28725
28720
28718
28716
28713
28712
28708
28701
28696
28695
28690
28683
28680
28675
28671
28670
28669
28663
28657
28651
28647
28643
28639
28633
28630
28624
28620
28619
28616
28613
28608
28605
28602
28601
28598
28597
28591
28589
28587
28584
28577
28570
28567
28566
28562
28561
28560
28556
28551
28549
28544
28543
28537
28536
28533
28529
28523
28519
28518
28517
28514
28507
28503
28496
28493
28487
28482
28478
28474
28471
28466
28463
28459
28455
28453
28447
28440
28439
28435
28433
28427
28422
28421
28416
28410
28409
28402
28396
28392
28389
28386
28380
28373
28371
28370
28367
28360
28359
28353
28349
28343
28337
28334
28327
28323
28318
28316
28309
28308
28302
28296
28290
28288
28284
28283
28276
28273
28270
28265
28261
28255
28250
28248
28247
28244
28242
28239
28233
28227
28226
28223
28222
28221
28216
28215
28212
28205
28199
28196
28192
28186
28184
28183
28178
28173
28166
28163
28159
28156
28152
28150
28148
28146
28145
28144
28142
28135
28134
28131
28128
28124
28120
28119
28112
28109
28107
28101
28094
28087
28085
28084
28083
28079
28073
28070
28067
28065
28062
28057
28055
28048
28042
28037
28035
28029
28028
28022
28019
28015
28008
28003
27998
27993
27987
27984
27978
27975
27968
27966
27961
27954
27952
27947
27940
27937
27934
27933
27929
27925
27924
27917
27915
27908
27906
27903
27902
27898
27893
27890
27889
27888
27886
27881
27876
27870
27864
27859
27853
27850
27848
27845
27841
27838
27834
27832
27831
27827
27824
27822
27816
27814
27809
27804
27797
27794
27789
27784
27777
27776
27771
27768
27767
27760
27753
27750
27747
27744
27738
27737
27736
27734
27732
27728
27723
27720
27713
27709
27703
27696
27689
27682
27681
27678
27676
27672
27669
27666
27665
27661
27656
27654
27649
27642
27639
27633
27630
27623
27619
27612
27605
27598
27593
27589
27585
27581
27579
27576
27572
27566
27562
27559
27553
27546
27541
27536
27533
27529
27528
27523
27522
27515
27509
27507
27503
27500
27496
27494
27493
27487
27484
27477
27473
27469
27462
27456
27454
27450
27445
27442
27440
27435
27431
27430
27426
27419
27416
27411
27407
27405
27399
27397
27396
27389
27388
27382
27375
27372
27365
27364
27362
27361
27358
27355
27351
27345
27340
27335
27333
27331
27328
27322
27316
27314
27309
27302
27301
27294
27290
27287
27284
27278
27272
27265
27261
27260
27256
27253
27248
27244
27241
27235
27228
27221
27217
27212
27207
27204
27199
27192
27187
27183
27178
27172
27166
27161
27158
27151
27147
27145
27142
27139
27138
27134
27132
27126
27125
27123
27121
27120
27116
27110
27107
27104
27103
27098
27093
27089
27084
27080
27077
27071
27068
27061
27056
27050
27045
27038
27031
27025
27021
27016
27011
27009
27004
27003
26996
26991
26984
26983
26980
26973
26971
26966
26964
26957
26952
26945
26943
26937
26933
26929
26927
26926
26920
26919
26913
26908
26907
26905
26900
26899
26898
26895
26893
26892
26889
26883
26878
26874
26873
26866
26861
26854
26849
26845
26840
26839
26837
26831
26825
26819
26818
26813
26812
26810
26806
26802
26800
26799
26793
26791
26784
26779
26777
26771
26767
26764
26763
26760
26755
26753
26747
26743
26740
26733
26727
26720
26715
26709
26705
26704
26702
26700
26693
26688
26687
26681
26680
26675
26670
26663
26661
26656
26654
26649
26642
26641
26639
26633
26631
26627
26624
26621
26620
26614
26611
26610
26605
26601
26596
26591
26584
26581
26574
26569
26565
26559
26557
26554
26552
26548
26544
26542
26541
26538
26536
26529
26527
26523
26517
26511
26505
26499
26492
26491
26490
26488
26484
26483
26476
26472
26470
26464
26457
26456
26455
26448
26445
26439
26433
26429
26425
26420
26413
26410
26407
26406
26401
26400
26398
26396
26391
26384
26382
26380
26373
26369
26368
26367
26364
26363
26357
26356
26354
26347
26346
26345
26340
26338
26332
26329
26327
26323
26317
26311
26309
26302
26298
26293
26292
26287
26280
26273
26272
26267
26264
26260
26254
26249
26245
26244
26237
26232
26231
26224
26219
26212
26211
26207
26203
26198
26194
26191
26190
26189
26183
26181
26180
26179
26176
26173
26167
26161
26156
26151
26146
26141
26139
26132
26129
26128
26121
26116
26110
26109
26108
26104
26103
26097
26092
26085
26084
26081
26075
26073
26069
26064
26061
26055
26050
26043
26037
26031
26024
26018
26015
26008
26003
25996
25993
25992
25990
25986
25981
25979
25974
25967
25961
25958
25956
25952
25950
25947
25941
25934
25928
25924
25919
25914
25913
25910
25909
25907
25902
25897
25895
25894
25891
25886
25880
25877
25872
25868
25862
25859
25858
25852
25850
25847
25845
25844
25842
25838
25832
25831
25824
25817
25814
25811
25807
25802
25800
25796
25795
25788
25781
25776
25772
25769
25763
25761
25760
25756
25755
25754
25749
25743
25741
25734
25727
25726
25721
25715
25708
25702
25695
25689
25687
25684
25678
25673
25671
25670
25669
25668
25666
25664
25661
25658
25651
25648
25642
25638
25631
25629
25625
25618
25611
25606
25599
25596
25589
25582
25581
25574
25571
25567
25564
25558
25556
25550
25546
25540
25536
25533
25527
25524
25523
25518
25511
25510
25503
25496
25489
25486
25481
25477
25470
25463
25461
25458
25456
25452
25449
25443
25442
25439
25438
25437
25436
25430
25425
25420
25419
25413
25410
25404
25399
25392
25386
25381
25377
25375
25372
25371
25367
25363
25358
25353
25351
25344
25339
25334
25328
25323
25321
25316
25313
25311
25309
25306
25301
25297
25293
25286
25282
25275
25268
25266
25264
25262
25261
25255
25252
25245
25238
25237
25231
25224
25221
25216
25212
25206
25199
25192
25185
25183
25179
25172
25168
25164
25161
25157
25155
25150
25148
25145
25141
25137
25132
25129
25125
25122
25115
25108
25106
25102
25099
25096
25095
25089
25084
25079
25073
25067
25063
25061
25058
25055
25053
25046
25040
25037
25036
25029
25025
25019
25017
25015
25010
25008
25006
25003
24998
24994
24988
24987
24984
24977
24971
24968
24962
24960
24959
24955
24953
24947
24946
24941
24938
24935
24928
24926
24922
24915
24912
24909
24905
24903
24901
24898
24896
24889
24882
24879
24873
24866
24862
24859
24854
24853
24849
24843
24840
24833
24826
24821
24816
24814
24810
24803
24796
24789
24787
24782
24775
24772
24769
24762
24760
24756
24751
24747
24743
24742
24736
24732
24726
24722
24715
24714
24710
24708
24707
24703
24698
24691
24685
24680
24676
24669
24668
24665
24663
24660
24658
24653
24647
24646
24641
24634
24630
24629
24624
24618
24617
24613
24608
24604
24597
24591
24588
24583
24576
24572
24566
24562
24558
24552
24545
24538
24533
24526
24523
24521
24519
24517
24510
24504
24497
24493
24492
24488
24485
24479
24478
24474
24472
24469
24468
24463
24460
24459
24454
24448
24446
24444
24441
24434
24428
24426
24420
24417
24413
24407
24401
24400
24397
24393
24392
24391
24388
24387
24382
24379
24378
24372
24366
24365
24362
24359
24355
24348
24345
24340
24333
24332
24330
24326
24323
24321
24319
24313
24309
24303
24301
24294
24288
24286
24282
24278
24277
24272
24269
24268
24262
24256
24252
24249
24242
24237
24236
24233
24231
24224
24218
24213
24207
24203
24197
24196
24189
24185
24182
24181
24176
24172
24169
24167
24164
24159
24157
24155
24149
24148
24144
24138
24136
24130
24123
24122
24120
24119
24118
24111
24109
24106
24102
24095
24094
24091
24085
24083
24078
24071
24067
24065
24059
24056
24052
24048
24044
24042
24037
24033
24028
24025
24018
24015
24008
24005
24003
23996
23991
23989
23985
23979
23972
23965
23964
23961
23958
23954
23950
23946
23945
23941
23936
23931
23927
23925
23920
23917
23912
23905
23899
23896
23895
23889
23882
23878
23872
23867
23860
23855
23849
23842
23839
23837
23834
23830
23828
23821
23819
23815
23811
23805
23798
23797
23794
23790
23784
23783
23776
23775
23771
23770
23767
23762
23759
23754
23750
23746
23740
23735
23734
23729
23725
23721
23714
23707
23703
23696
23694
23691
23688
23681
23679
23675
23669
23668
23665
23660
23656
23654
23649
23646
23639
23638
23633
23627
23624
23617
23612
23606
23604
23602
23596
23591
23588
23587
23586
23580
23576
23571
23567
23565
23563
23560
23554
23551
23544
23543
23540
23537
23530
23529
23527
23522
23520
23517
23510
23504
23498
23491
23485
23480
23476
23472
23467
23465
23458
23457
23454
23450
23446
23444
23441
23435
23431
23425
23420
23415
23408
23406
23404
23401
23396
23389
23386
23380
23373
23368
23363
23358
23356
23354
23347
23340
23336
23333
23328
23324
23318
23316
23311
23305
23300
23295
23293
23291
23284
23283
23280
23273
23269
23265
23259
23254
23250
23246
23239
23237
23231
23224
23221
23220
23219
23218
23214
23213
23209
23202
23200
23195
23192
23190
23185
23178
23171
23164
23159
23158
23152
23148
23143
23141
23137
23136
23135
23130
23125
23118
23116
23115
23114
23113
23110
23109
23107
23103
23099
23094
23087
23080
23075
23074
23070
23063
23057
23052
23051
23044
23043
23041
23035
23032
23025
23019
23017
23014
23010
23009
23006
23005
23004
22998
22992
22990
22988
22985
22978
22974
22970
22964
22962
22957
22952
22947
22940
22937
22934
22927
22923
22919
22917
22915
22912
22910
22906
22901
22897
22891
22888
22884
22878
22872
22867
22866
22859
22853
22848
22843
22841
22835
22830
22828
22824
22819
22816
22812
22808
22801
22795
22791
22785
22779
22778
22772
22766
22761
22760
22755
22748
22746
22743
22741
22737
22732
22730
22729
22728
22727
22726
22724
22723
22717
22714
22710
22709
22708
22706
22703
22700
22693
22690
22684
22680
22678
22671
22668
22661
22658
22654
22647
22641
22638
22632
22626
22620
22619
22616
22612
22606
22605
22604
22600
22597
22591
22590
22587
22585
22578
22572
22571
22566
22559
22554
22550
22543
22541
22540
22538
22531
22529
22526
22524
22521
22519
22517
22514
22510
22505
22498
22496
22493
22486
22483
22476
22473
22470
22469
22462
22461
22455
22450
22448
22443
22440
22433
22431
22428
22424
22422
22415
22412
22407
22406
22400
22396
22395
22388
22381
22380
22373
22369
22363
22358
22355
22350
22343
22340
22337
22336
22335
22330
22324
22322
22317
22312
22309
22304
22302
22297
22294
22287
22284
22279
22274
22270
22264
22263
22262
22261
22256
22250
22248
22241
22235
22231
22230
22226
22223
22219
22216
22214
22209
22202
22200
22197
22192
22188
22181
22179
22173
22169
22166
22165
22160
22153
22148
22143
22140
22137
22131
22126
22122
22121
22117
22110
22105
22101
22099
22094
22090
22084
22082
22079
22076
22075
22074
22070
22065
22064
22057
22054
22047
22045
22044
22042
22041
22039
22035
22034
22032
22025
22018
22012
22010
22005
21999
21998
21997
21995
21992
21991
21984
21980
21975
21968
21962
21957
21951
21950
21949
21942
21941
21936
21929
21927
21925
21921
21919
21918
21914
21910
21908
21903
21902
21897
21891
21888
21883
21879
21872
21869
21867
21863
21862
21860
21857
21855
21853
21851
21849
21848
21847
21843
21839
21835
21831
21826
21820
21817
21815
21812
21806
21799
21798
21794
21792
21789
21784
21781
21776
21769
21764
21762
21755
21752
21749
21748
21747
21744
21740
21733
21726
21725
21720
21715
21714
21710
21709
21708
21704
21699
21694
21692
21688
21686
21682
21675
21671
21668
21664
21661
21658
21656
21654
21651
21649
21648
21644
21643
21638
21634
21629
21623
21622
21615
21614
21610
21606
21602
21595
21593
21586
21581
21580
21573
21569
21568
21562
21558
21551
21547
21541
21534
21528
21525
21519
21517
21513
21511
21504
21497
21494
21488
21481
21476
21472
21470
21469
21464
21459
21458
21451
21447
21444
21439
21437
21430
21425
21418
21413
21409
21404
21400
21393
21389
21382
21380
21373
21371
21369
21363
21359
21357
21352
21348
21344
21343
21339
21332
21327
21321
21316
21315
21309
21302
21300
21298
21296
21293
21287
21285
21283
21277
21275
21271
21268
21267
21261
21256
21250
21246
21241
21235
21232
21230
21228
21223
21218
21214
21210
21205
21201
21195
21189
21183
21176
21171
21170
21165
21159
21155
21153
21151
21144
21142
21141
21134
21127
21123
21116
21115
21114
21110
21107
21100
21093
21086
21082
21077
21071
21070
21069
21065
21064
21063
21059
21054
21048
21047
21045
21040
21034
21031
21028
21022
21017
21015
21010
21003
20996
20990
20984
20983
20981
20974
20968
20963
20960
20959
20954
20948
20945
20939
20933
20931
20928
20927
20925
20918
20912
20911
20910
20905
20898
20895
20892
20889
20883
20882
20879
20878
20873
20867
20861
20860
20853
20848
20846
20840
20833
20827
20823
20819
20814
20813
20807
20800
20796
20790
20784
20778
20771
20765
20763
20762
20757
20756
20754
20750
20743
20736
20734
20728
20724
20723
20722
20715
20709
20707
20706
20704
20701
20700
20693
20686
20680
20675
20670
20667
20660
20659
20658
20652
20647
20646
20641
20634
20631
20624
20620
20614
20612
20605
20601
20595
20589
20584
20581
20574
20569
20568
20562
20559
20553
20550
20547
20541
20535
20528
20521
20516
20509
20505
20504
20502
20496
20494
20492
20489
20482
20478
20474
20473
20469
20466
20460
20459
20453
20449
20443
20442
20440
20435
20429
20427
20420
20416
20415
20414
20408
20403
20398
20392
20386
20380
20373
20368
20364
20361
20360
20357
20351
20344
20340
20333
20331
20325
20320
20316
20312
20306
20301
20295
20292
20288
20286
20279
20274
20270
20269
20264
20260
20254
20249
20243
20239
20232
20230
20228
20225
20223
20221
20218
20216
20209
20203
20196
20195
20190
20183
20177
20173
20171
20168
20166
20162
20161
20155
20149
20145
20141
20134
20129
20124
20122
20120
20115
20113
20111
20110
20109
20105
20098
20094
20092
20090
20088
20087
20086
20081
20077
20071
20069
20062
20056
20051
20047
20045
20042
20039
20033
20032
20030
20029
20022
20019
20012
20008
20003
19999
19992
19988
19981
19978
19975
19973
19969
19964
19960
19957
19956
19954
19948
19941
19937
19934
19931
19930
19924
19919
19917
19912
19907
19901
19897
19896
19890
19885
19884
19883
19876
19872
19871
19870
19863
19858
19855
19852
19848
19842
19836
19829
19825
19824
19820
19819
19816
19815
19810
19806
19799
19796
19794
19787
19784
19781
19777
19771
19764
19759
19757
19755
19751
19745
19740
19733
19730
19726
19722
19718
19715
19713
19710
19708
19702
19698
19696
19693
19689
19688
19685
19684
19678
19674
19667
19664
19662
19658
19653
19652
19646
19644
19641
19640
19634
19633
19631
19630
19623
19616
19615
19608
19604
19599
19594
19590
19589
19584
19583
19578
19573
19568
19563
19562
19561
19554
19550
19548
19545
19540
19535
19533
19530
19529
19525
19521
19514
19508
19507
19501
19498
19493
19491
19485
19484
19479
19473
19466
19461
19458
19457
19454
19450
19446
19443
19438
19432
19425
19418
19417
19411
19405
19401
19399
19392
19390
19383
19379
19377
19374
19369
19365
19362
19361
19356
19351
19344
19342
19337
19330
19326
19319
19313
19308
19303
19296
19292
19288
19281
19278
19271
19266
19262
19259
19255
19248
19245
19238
19233
19231
19226
19223
19217
19210
19208
19204
19203
19199
19198
19196
19190
19183
19178
19173
19168
19165
19161
19158
19153
19152
19147
19141
19139
19133
19132
19127
19126
19121
19117
19116
19113
19110
19109
19103
19102
19095
19092
19086
19085
19081
19078
19076
19069
19064
19058
19051
19049
19042
19039
19033
19031
19026
19023
19020
19013
19008
19007
19001
18999
18996
18989
18982
18976
18975
18971
18964
18962
18961
18954
18948
18943
18940
18933
18929
18923
18918
18916
18909
18908
18903
18901
18896
18894
18888
18882
18879
18877
18876
18871
18868
18867
18862
18858
18851
18846
18844
18839
18834
18830
18825
18822
18817
18810
18809
18805
18802
18795
18792
18785
18781
18777
18775
18774
18770
18764
18758
18754
18750
18743
18738
18733
18731
18725
18719
18718
18716
18709
18703
18698
18696
18695
18690
18684
18679
18672
18667
18663
18658
18652
18648
18641
18635
18629
18623
18617
18613
18606
18599
18598
18591
18584
18577
18573
18568
18565
18559
18554
18552
18548
18544
18537
18534
18529
18522
18517
18511
18505
18501
18495
18491
18490
18484
18481
18477
18474
18467
18462
18458
18454
18450
18449
18445
18441
18439
18437
18436
18432
18430
18423
18419
18416
18409
18408
18403
18401
18396
18392
18390
18389
18387
18382
18377
18376
18374
18369
18365
18361
18354
18352
18349
18347
18343
18341
18340
18339
18336
18330
18329
18324
18320
18315
18309
18302
18301
18296
18294
18289
18285
18281
18274
18267
18265
18264
18262
18261
18255
18250
18246
18245
18240
18234
18232
18231
18228
18225
18218
18214
18209
18206
18201
18200
18197
18194
18192
18187
18183
18180
18177
18172
18170
18167
18160
18158
18155
18152
18150
18144
18137
18132
18129
18122
18116
18114
18111
18104
18102
18095
18094
18090
18085
18082
18075
18069
18064
18061
18060
18054
18047
18044
18039
18038
18036
18033
18027
18022
18018
18014
18013
18012
18006
18005
17999
17995
17994
17987
17982
17978
17977
17971
17966
17961
17959
17953
17951
17944
17941
17939
17933
17927
17926
17920
17916
17911
17908
17904
17901
17896
17891
17889
17884
17883
17881
17874
17873
17866
17859
17854
17849
17848
17841
17836
17833
17827
17826
17824
17821
17817
17812
17807
17805
17800
17793
17786
17785
17784
17783
17779
17773
17770
17767
17765
17758
17754
17748
17742
17735
17730
17725
17718
17714
17708
17702
17696
17695
17692
17687
17683
17682
17678
17672
17665
17660
17654
17651
17647
17640
17636
17631
17625
17624
17623
17617
17614
17611
17610
17606
17599
17592
17591
17585
17579
17572
17565
17561
17558
17555
17548
17542
17539
17537
17530
17528
17521
17516
17511
17509
17507
17501
17499
17492
17489
17486
17481
17477
17473
17470
17464
17461
17457
17450
17449
17446
17443
17441
17440
17439
17432
17431
17426
17419
17412
17408
17403
17399
17398
17395
17389
17386
17379
17372
17365
17360
17357
17356
17353
17350
17347
17340
17338
17334
17331
17329
17327
17321
17320
17313
17307
17303
17297
17293
17290
17283
17277
17272
17269
17265
17262
17260
17256
17251
17248
17245
17241
17235
17228
17226
17219
17218
17216
17209
17204
17202
17198
17195
17191
17187
17186
17182
17180
17175
17171
17170
17168
17167
17160
17154
17147
17144
17137
17135
17128
17124
17121
17116
17112
17110
17107
17105
17104
17099
17095
17089
17086
17085
17079
17073
17066
17059
17053
17051
17045
17040
17036
17034
17031
17026
17023
17018
17017
17011
17009
17005
16999
16996
16992
16986
16979
16976
16975
16970
16968
16965
16961
16955
16953
16947
16944
16940
16938
16931
16928
16925
16923
16916
16914
16912
16908
16907
16906
16902
16898
16895
16891
16884
16882
16877
16870
16868
16861
16856
16849
16842
16837
16833
16832
16831
16824
16822
16815
16810
16809
16807
16803
16796
16794
16787
16786
16780
16778
16777
16776
16772
16767
16765
16759
16754
16747
16746
16742
16735
16733
16728
16725
16721
16719
16715
16712
16711
16710
16707
16700
16695
16691
16684
16681
16674
16672
16668
16661
16657
16655
16650
16647
16643
16640
16633
16627
16620
16613
16609
16602
16596
16592
16585
16578
16575
16573
16572
16568
16563
16556
16553
16550
16548
16547
16545
16541
16538
16534
16533
16530
16523
16521
16518
16516
16515
16509
16506
16503
16498
16495
16494
16490
16485
16483
16480
16474
16467
16464
16462
16459
16452
16448
16446
16444
16442
16440
16436
16433
16432
16425
16419
16412
16411
16407
16401
16398
16393
16387
16384
16381
16377
16372
16366
16365
16361
16357
16355
16351
16344
16337
16334
16332
16327
16323
16318
16313
16310
16304
16297
16293
16288
16283
16277
16274
16270
16264
16257
16256
16252
16248
16241
16239
16232
16225
16224
16220
16215
16208
16203
16199
16193
16192
16190
16183
16177
16176
16174
16172
16167
16163
16157
16154
16147
16141
16139
16138
16136
16134
16131
16125
16118
16115
16114
16113
16110
16109
16105
16104
16101
16095
16089
16082
16075
16070
16065
16064
16059
16058
16053
16049
16047
16046
16043
16039
16036
16035
16030
16029
16025
16020
16016
16013
16007
16002
15999
15995
15988
15984
15981
15975
15973
15971
15969
15964
15960
15956
15953
15946
15943
15941
15934
15930
15929
15922
15916
15911
15909
15907
15902
15895
15894
15888
15884
15881
15876
15870
15867
15865
15860
15854
15847
15842
15838
15834
15828
15822
15816
15810
15806
15804
15803
15797
15796
15790
15783
15778
15776
15774
15772
15767
15761
15755
15748
15743
15737
15731
15730
15725
15722
15718
15716
15715
15710
15703
15696
15691
15689
15685
15680
15678
15674
15669
15667
15665
15663
15661
15654
15647
15640
15639
15636
15630
15628
15627
15622
15615
15609
15602
15600
15595
15591
15589
15588
15585
15584
15578
15576
15575
15573
15567
15564
15561
15556
15553
15550
15545
15538
15533
15529
15527
15525
15518
15511
15509
15503
15497
15493
15487
15482
15480
15476
15470
15465
15460
15455
15453
15450
15446
15439
15434
15432
15426
15422
15417
15414
15407
15403
15398
15393
15386
15382
15381
15380
15377
15376
15369
15364
15358
15355
15350
15345
15344
15343
15341
15335
15329
15326
15323
15318
15317
15313
15312
15308
15304
15301
15294
15290
15287
15280
15279
15272
15271
15268
15266
15262
15260
15255
15252
15249
15247
15245
15241
15238
15232
15225
15220
15217
15210
15209
15208
15203
15202
15198
15194
15192
15189
15182
15180
15174
15172
15168
15161
15160
15153
15151
15145
15142
15140
15135
15134
15130
15125
15122
15115
15111
15105
15104
15101
15095
15093
15091
15088
15084
15081
15078
15077
15075
15071
15066
15065
15061
15060
15058
15051
15046
15041
15040
15036
15029
15026
15021
15014
15011
15008
15007
15000
14994
14990
14985
14984
14979
14972
14965
14963
14960
14953
14950
14946
14943
14937
14934
14933
14929
14928
14927
14923
14916
14909
14906
14902
14896
14895
14891
14884
14883
14882
14879
14877
14873
14870
14869
14865
14862
14860
14853
14851
14844
14840
14837
14836
14835
14833
14826
14823
14820
14819
14814
14809
14806
14799
14798
14791
14789
14784
14777
14771
14767
14765
14759
14756
14751
14744
14741
14736
14733
14729
14727
14722
14720
14713
14708
14706
14699
14696
14693
14686
14683
14679
14674
14669
14666
14660
14655
14651
14645
14639
14637
14630
14629
14625
14624
14623
14618
14611
14604
14603
14599
14592
14588
14581
14578
14574
14573
14571
14564
14562
14559
14554
14550
14543
14537
14535
14531
14526
14524
14517
14516
14511
14510
14508
14502
14500
14497
14496
14490
14484
14480
14475
14469
14467
14463
14462
14455
14451
14446
14441
14436
14431
14428
14427
14425
14420
14417
14410
14405
14402
14396
14391
14389
14388
14384
14381
14380
14377
14374
14368
14362
14355
14351
14345
14338
14334
14328
14323
14317
14312
14311
14307
14305
14303
14296
14293
14288
14283
14276
14275
14269
14266
14265
14260
14254
14247
14246
14241
14237
14235
14228
14224
14221
14218
14217
14214
14212
14210
14206
14202
14197
14196
14195
14188
14183
14180
14173
14167
14160
14157
14154
14147
14140
14135
14131
14124
14122
14118
14113
14106
14104
14097
14093
14091
14086
14083
14079
14076
14073
14066
14061
14055
14050
14043
14041
14039
14034
14029
14027
14024
14022
14017
14013
14012
14010
14005
14004
14002
13996
13992
13989
13987
13981
13975
13968
13963
13959
13952
13951
13944
13942
13935
13928
13923
13918
13914
13913
13910
13907
13903
13898
13893
13886
13885
13878
13873
13870
13866
13865
13863
13862
13858
13857
13855
13851
13844
13841
13837
13833
13828
13823
13822
13816
13809
13808
13801
13800
13797
13790
13787
13781
13778
13772
13771
13765
13761
13754
13748
13743
13740
13739
13732
13729
13727
13726
13725
13722
13721
13716
13715
13709
13706
13703
13702
13699
13696
13690
13687
13684
13683
13682
13680
13678
13672
13665
13658
13655
13649
13646
13645
13638
13633
13626
13621
13616
13615
13611
13609
13608
13602
13598
13594
13587
13580
13579
13574
13567
13561
13559
13555
13553
13549
13543
13542
13539
13534
13532
13529
13522
13519
13512
13511
13508
13501
13498
13496
13490
13488
13484
13478
13477
13476
13471
13465
13460
13453
13450
13445
13442
13441
13439
13436
13434
13432
13430
13427
13422
13415
13412
13411
13410
13407
13404
13403
13399
13398
13396
13395
13393
13386
13383
13381
13375
13368
13361
13357
13356
13353
13351
13348
13341
13339
13338
13335
13331
13329
13325
13322
13316
13315
13312
13307
13305
13299
13295
13292
13286
13279
13274
13268
13263
13261
13255
13253
13250
13249
13246
13243
13241
13240
13233
13231
13227
13221
13216
13209
13202
13195
13191
13186
13185
13183
13178
13173
13168
13166
13161
13157
13153
13147
13143
13139
13132
13128
13126
13119
13113
13109
13103
13100
13093
13091
13090
13089
13088
13082
13080
13074
13073
13070
13063
13058
13056
13053
13052
13045
13044
13038
13034
13030
13026
13024
13019
13016
13014
13013
13009
13003
13001
12999
12998
12993
12987
12984
12981
12974
12968
12965
12963
12960
12954
12952
12948
12944
12939
12932
12931
12926
12919
12916
12914
12910
12903
12899
12892
12886
12881
12877
12874
12871
12864
12860
12858
12856
12854
12848
12844
12842
12837
12830
12829
12824
12823
12819
12818
12812
12806
12805
12804
12800
12798
12797
12796
12795
12788
12785
12778
12772
12767
12761
12756
12752
12748
12741
12738
12735
12728
12724
12722
12719
12716
12711
12704
12699
12696
12695
12693
12689
12682
12680
12677
12670
12664
12658
12656
12650
12648
12646
12645
12643
12637
12632
12629
12624
12620
12614
12612
12607
12600
12597
12593
12589
12587
12585
12582
12579
12572
12567
12564
12563
12560
12555
12552
12549
12542
12537
12531
12524
12522
12516
12515
12512
12507
12504
12499
12497
12491
12489
12484
12480
12474
12470
12469
12464
12462
12459
12456
12450
12448
12444
12438
12437
12433
12427
12420
12415
12408
12402
12396
12391
12389
12383
12376
12373
12372
12368
12361
12356
12354
12351
12349
12345
12344
12343
12340
12338
12332
12325
12324
12319
12313
12309
12303
12300
12296
12290
12288
12282
12281
12279
12278
12274
12270
12265
12262
12258
12255
12251
12248
12245
12238
12237
12230
12225
12220
12218
12212
12211
12208
12206
12202
12197
12191
12186
12182
12179
12175
12171
12168
12166
12164
12162
12158
12154
12149
12148
12146
12143
12141
12140
12137
12132
12130
12129
12126
12125
12122
12115
12112
12111
12110
12105
12102
12095
12089
12088
12086
12085
12079
12072
12065
12060
12059
12052
12048
12043
12039
12032
12025
12022
12019
12016
12012
12005
12000
11998
11997
11993
11989
11983
11979
11973
11972
11967
11962
11955
11952
11947
11941
11935
11933
11926
11925
11918
11914
11910
11903
11898
11897
11891
11890
11889
11883
11879
11877
11875
11870
11869
11864
11858
11857
11852
11845
11841
11834
11832
11825
11824
11821
11816
11814
11813
11812
11805
11803
11800
11796
11794
11792
11785
11783
11777
11770
11764
11761
11756
11749
11744
11738
11735
11733
11726
11721
11714
11713
11709
11705
11703
11696
11692
11686
11684
11681
11676
11672
11669
11662
11658
11654
11651
11646
11640
11638
11635
11634
11628
11627
11620
11613
11609
11607
11600
11597
11593
11588
11587
11584
11581
11579
11574
11573
11571
11566
11561
11555
11550
11549
11542
11537
11530
11524
11521
11514
11511
11506
11503
11500
11497
11491
11486
11484
11477
11476
11475
11474
11468
11467
11466
11460
11453
11450
11443
11438
11437
11436
11429
11422
11417
11415
11413
11406
11405
11398
11395
11388
11386
11379
11372
11371
11364
11363
11358
11357
11352
11350
11343
11339
11336
11332
11327
11320
11313
11306
11299
11296
11292
11286
11284
11277
11276
11275
11268
11261
11255
11250
11244
11238
11237
11231
11224
11222
11220
11213
11207
11203
11202
11199
11197
11192
11186
11184
11177
11172
11171
11170
11163
11156
11150
11148
11146
11141
11135
11134
11129
11128
11126
11121
11119
11113
11110
11103
11102
11101
11100
11098
11092
11089
11084
11078
11076
11071
11070
11067
11064
11057
11050
11046
11045
11044
11043
11042
11036
11031
11030
11023
11022
11019
11013
11009
11004
10999
10996
10992
10988
10982
10977
10976
10973
10972
10969
10967
10965
10959
10953
10952
10949
10943
10936
10932
10926
10923
10921
10918
10914
10911
10907
10904
10902
10897
10896
10891
10889
10887
10883
10878
10877
10871
10866
10863
10860
10854
10852
10848
10847
10845
10843
10842
10837
10830
10824
10823
10822
10821
10815
10814
10809
10805
10798
10796
10792
10791
10789
10782
10776
10773
10771
10765
10764
10762
10757
10751
10745
10744
10738
10733
10731
10727
10724
10717
10713
10712
10707
10700
10696
10691
10689
10688
10683
10679
10677
10672
10666
10662
10660
10655
10653
10646
10642
10641
10638
10631
10625
10619
10614
10612
10606
10600
10599
10598
10596
10592
10588
10581
10580
10578
10577
10574
10567
10564
10557
10555
10548
10542
10541
10538
10537
10534
10527
10526
10519
10514
10513
10510
10505
10498
10493
10486
10479
10477
10474
10471
10467
10461
10458
10452
10447
10445
10442
10438
10432
10425
10418
10414
10410
10409
10407
10402
10400
10399
10393
10389
10386
10380
10377
10370
10366
10363
10356
10354
10348
10345
10339
10332
10328
10323
10318
10315
10312
10310
10304
10298
10294
10288
10287
10285
10278
10272
10265
10260
10254
10249
10248
10243
10236
10230
10226
10222
10217
10212
10209
10205
10199
10193
10186
10180
10174
10167
10161
10155
10151
10146
10140
10135
10130
10127
10126
10119
10116
10115
10110
10109
10107
10105
10101
10096
10090
10085
10083
10077
10070
10067
10065
10064
10059
10056
10053
10051
10050
10045
10040
10037
10033
10031
10027
10023
10018
10017
10014
10012
10009
10005
10001
9994
9992
9991
9984
9977
9971
9967
9963
9958
9957
9953
9952
9947
9941
9940
9933
9930